# num_procs = 5
# mean_io_bursts = 3
# mean_iat = 10
# min_CPU = 20
# max_CPU = 20
# min_IO = 10
# max_IO = 20
# seed = 200
29.494644659800375 20.0 13.574236812873616 20.0 14.560809854582528 20.0 18.673569904602182 20.0
29.494644659800375 0.5 1.76414068655387 0.5 1.3574236812873617 0.5 1.4560809854582528 0.5 1.8673569904602183 0.5 1.9232667066664217 0.5 1.8461034903175555 0.5 1.7855762854948303 0.5 1.0960297101538794 0.5 1.8260501471973274 0.5 1.8735004197982064 0.5 1.4500845042447374 0.5 1.419425621316455 0.5 1.6086562919238265 0.5 1.9660445890360303 0.5 1.6796418342262323 0.5 1.0264548830884765 0.5 1.97282918969867 0.5 1.6490746729811183 0.5 1.187689141992288 0.5 1.665998900957522 0.5 1.8544925188938015 0.5 1.9781585156327974 0.5 1.232449093983091 0.5 1.8839698011832184 0.5 1.0160636104781924 0.5 1.6455588670122512 0.5 1.2103287503552085 0.5 1.0176072439026398 0.5 1.528666662404612 0.5 1.299125482918289 0.5 1.7196290563296297 0.5 1.3971070443304097 0.5 1.4524884882517632 0.5 1.3441263933860934 0.5 1.0644164051346607 0.5 1.477262630327633 0.5 1.0316382327195455 0.5 1.9302638311893932 0.5 1.5433251347619423 0.5 1.844636109088624 0.5 1.24469279844539 0.5 1.6890070651052194 0.5 1.2965938730656927 0.5 1.1729536717551938 0.5 1.0054946603839743 0.5 1.7663031107598837 0.5 1.6786379381150507 0.5 1.8687956385483204 0.5 1.056102225280892 0.5 1.8192509778391344 0.5 1.026327690136934 0.5 1.1517776369890829 0.5 1.0289937767901869 0.5 1.9211754587028063 0.5 1.9990622514138883 0.5 1.6213772185114872 0.5 1.8869408942649408 0.5 1.1684761988449237 0.5 1.939960443652061 0.5 1.8780706348237692 0.5 1.0992473214210376 0.5 1.0003162687531906 0.5 1.487495493371596 0.5 1.6017140410241106 0.5 1.9602968759082882 0.5 1.4475861808116082 0.5 1.1617493856959307 0.5 1.2617226205170304 0.5 1.899144499902837 0.5 1.941217143755272 0.5 1.9324207155868933 0.5 1.747342910119428 0.5 1.6459019327543145 0.5 1.5778474427560263 0.5 1.0948181033677455 0.5 1.059559218682384 0.5 1.3265885989353547 0.5 1.2426244681607883 0.5 1.296606393121071 0.5 1.2135545135191028 0.5 1.7850540459849342 0.5 1.9168814663048899 0.5 1.8733861115648134 0.5 1.7284448469865894 0.5 1.5333568232188561 0.5 1.8480580895971621 0.5 1.1053052363887104 0.5 1.0799523489470946 0.5 1.693463545991996 0.5 1.134606717386185 0.5 1.3492336161287126 0.5
35.893644988602134 0.5 1.416592745763925 0.5 1.0205124040078726 0.5 1.9188825098982687 0.5 1.4459118060285028 0.5 1.2970972095827842 0.5 1.2500896230391834 0.5 1.4048547808806915 0.5 1.2957176866995683 0.5 1.1727421047697837 0.5 1.7187621884266413 0.5 1.1434058280984403 0.5 1.5371088254560734 0.5 1.0116874337872295 0.5 1.330084477252099 0.5 1.8417841905224934 0.5 1.6409335912580412 0.5 1.0227546139411052 0.5 1.9225573299532872 0.5 1.3106044447484875 0.5 1.662987454692329 0.5 1.1068771211314379 0.5 1.8249272010454733 0.5 1.7476389759948237 0.5 1.7257433998776301 0.5 1.3020537134147716 0.5 1.502808138237748 0.5 1.2646392008517453 0.5 1.086199462669625 0.5 1.4259664600894308 0.5 1.415277735256574 0.5 1.5142390058992887 0.5 1.7663949124113776 0.5 1.9978844662785615 0.5 1.6439940052914643 0.5 1.4184540615005745 0.5 1.0833260219266134 0.5 1.274515047652588 0.5 1.0606683401882255 0.5 1.1691039435760853 0.5 1.139436968175473 0.5 1.4120471544051818 0.5 1.438417500638574 0.5 1.6764277607851539 0.5 1.0797627813002872 0.5 1.4527541404525586 0.5 1.7902830255069808 0.5 1.3784353255271449 0.5 1.7672974439989266 0.5 1.8382769628389148 0.5 1.0443924446720376 0.5 1.206116923240726 0.5 1.539789772634265 0.5 1.9626452967313104 0.5 1.7230147589436549 0.5 1.284087537333185 0.5 1.3997740379286316 0.5 1.1840518190519753 0.5 1.4736236567866405 0.5 1.468109867333854 0.5 1.4581643544306362 0.5 1.436325265319279 0.5 1.761064893766421 0.5 1.62321710186357 0.5 1.6972186115195886 0.5 1.1120312416342417 0.5 1.0911266620974587 0.5 1.9474365697676355 0.5 1.6984874917750439 0.5 1.9700415387764025 0.5 1.2917909589103735 0.5 1.37392991336271 0.5 1.6799839709759226 0.5 1.9466935876231664 0.5 1.377405704041656 0.5 1.7535447308382617 0.5 1.2987695688196887 0.5 1.6659067137959922 0.5 1.3460629086209768 0.5 1.6255674227143062 0.5 1.7090997591337689 0.5 1.0733963718424344 0.5 1.2438184898627986 0.5 1.593820200451606 0.5 1.2024210275253449 0.5 1.367304994668903 0.5 1.6484246893897334 0.5 1.9649912317436171 0.5
55.16884058625284 20.0 12.505050547710024 20.0 19.434910369995322 20.0
56.08518619816398 0.5 1.0998539983623665 0.5 1.4709323343951053 0.5 1.8387701868038009 0.5 1.7417034192738088 0.5 1.7168685461438042 0.5 1.5420208222040266 0.5 1.48612767903587 0.5 1.569498219994713 0.5 1.7948755115438428 0.5 1.1659883853029558 0.5 1.2111817289453617 0.5 1.3033891159223963 0.5 1.4310068721507552 0.5 1.1892914537234804 0.5 1.2448897143710935 0.5 1.4451463600661985 0.5 1.9501468561092845 0.5 1.6002651824875636 0.5 1.0546962128395043 0.5 1.8542577918389427 0.5 1.1491017878441923 0.5 1.6828040866628766 0.5 1.6567250088767964 0.5 1.7782057013599877 0.5 1.5508362455585214 0.5 1.2410871533404144 0.5 1.901786422021357 0.5 1.9933342826081628 0.5 1.7342354947197034 0.5 1.9219084841908884 0.5 1.9852732018899026 0.5 1.2846093631099875 0.5 1.2436133502318154 0.5 1.3192251309404237 0.5 1.334888384214224 0.5 1.4564118433163222 0.5 1.8918337103468614 0.5 1.6982466118124537 0.5 1.8978758078536644 0.5 1.279341859281568 0.5 1.0269349652768616 0.5 1.603266193607118 0.5 1.9167613386089446 0.5 1.845686677827667 0.5 1.8812404823189146 0.5 1.284662052366042 0.5 1.424521937491342 0.5 1.9123334818429039 0.5 1.5457125359924002 0.5 1.8569498902808625 0.5 1.2274946536020694 0.5 1.5282014493154836 0.5 1.7096739114652721 0.5 1.1349043375495202 0.5 1.5641029398267123 0.5 1.9908931375101786 0.5 1.8481823318137711 0.5 1.8726336647866166 0.5 1.9558003460849176 0.5 1.960709037379343 0.5 1.9543407471218561 0.5 1.6867520349667053 0.5 1.5630614310092867 0.5 1.0683572092785845 0.5 1.1281678605749128 0.5 1.0849723255859107 0.5 1.697866630106823 0.5 1.2853367799781918 0.5 1.8596046864536313 0.5 1.2944706641691313 0.5 1.8106174669115096 0.5 1.2873813100691869 0.5 1.510090424209877 0.5 1.2730599369634366 0.5 1.4016516190878816 0.5 1.3379319586088534 0.5 1.1214234515405712 0.5 1.7661308355819403 0.5 1.117008246632278 0.5 1.7749135246296603 0.5 1.845713664377897 0.5 1.9086021255083097 0.5 1.6036375636694387 0.5 1.2855486670644494 0.5 1.022080594513894 0.5 1.3376700864928663 0.5 1.1606740918610225 0.5 1.2795516889665561 0.5 1.9578546458555723 0.5 1.5463427302395374 0.5 1.6287285889908287 0.5 1.530333735522603 0.5
56.748580291758216 0.5 1.4379705062724342 0.5 1.6754934811827458 0.5 1.1545864012343396 0.5 1.6461565593488856 0.5 1.8953641583334038 0.5 1.8423662265262082 0.5 1.5193018995482657 0.5 1.571821662889656 0.5 1.8844157861743829 0.5 1.7955355076109694 0.5 1.5219287691840382 0.5 1.1722671849249844 0.5 1.7775813008851318 0.5 1.5174069306391809 0.5 1.0035392355512203 0.5 1.3669426733928773 0.5 1.5930831627269755 0.5 1.0017885373873852 0.5 1.79568590212264 0.5 1.3484566470113597 0.5 1.0195780110859172 0.5 1.5457020173860387 0.5 1.1317693899851777 0.5 1.8749605309670485 0.5 1.0735936021948729 0.5 1.1983504600471588 0.5 1.2830040074131315 0.5 1.444197643041232 0.5 1.4403237364908184 0.5 1.6742301449833135 0.5 1.1679294012293755 0.5 1.8746647304426327 0.5 1.9088421180698936 0.5 1.8379503512839839 0.5 1.9124039720412571 0.5 1.5358655831262182 0.5 1.6928687726951317 0.5 1.1273544687403831 0.5 1.8612303667172123 0.5 1.4340524175866032 0.5 1.6532230862280262 0.5 1.1195604717594532 0.5 1.4078851050309262 0.5 1.5344633602364475 0.5 1.7368596152715154 0.5 1.4177281277691256 0.5 1.031119146029644 0.5 1.2023785668740374 0.5 1.232667997184298 0.5 1.9324065475223564 0.5 1.7322797979104614 0.5 1.317297486746488 0.5 1.1494151080548112 0.5 1.9497301899006931 0.5 1.1993863966759561 0.5 1.7833216579139628 0.5 1.009422741591269 0.5 1.3617905087944036 0.5 1.6134228360128433 0.5 1.145193063518685 0.5 1.974172218329688 0.5 1.5834347483185547 0.5 1.7496441826557212 0.5 1.4490530753070514 0.5 1.3322606552463787 0.5 1.8663672884575533 0.5 1.3819444148388274 0.5 1.2588598141778427 0.5 1.3766240259660798 0.5 1.1272110439772312 0.5 1.6201521331348643 0.5 1.4553079298736278 0.5 1.4363638069645588 0.5 1.6875996102213326 0.5 1.2283075028685964 0.5 1.4677291866209052 0.5 1.48910055996452 0.5 1.581025095153579 0.5 1.8382627466038477 0.5 1.9602126265740691 0.5 1.4993590302483126 0.5 1.3977482625627884 0.5 1.934704653003708 0.5 1.0152942109272876 0.5 1.4237406423726373 0.5 1.1323928654039728 0.5 1.2724682511712413 0.5 1.789025830779607 0.5 1.3586103603605895 0.5 1.756756522242303 0.5 1.0922884256690413 0.5 1.7856497402614437 0.5 1.3307113301098648 0.5 1.0932449995055216 0.5 1.3900899874115886 0.5 1.5697877515830796 0.5 1.6337852951736802 0.5 1.421425335771707 0.5 1.893747820119111 0.5 1.8601859791979516 0.5 1.5747881071818517 0.5 1.969903225177478 0.5 1.1958509714153234 0.5 1.108779469319544 0.5 1.3183853770746516 0.5 1.0473859100092349 0.5 1.2524282201302335 0.5 1.9421606107096232 0.5 1.2572976976876147 0.5 1.7329342472205096 0.5 1.8953271596192907 0.5 1.4301908035738027 0.5 1.3037611397464715 0.5 1.4320108531889488 0.5 1.8388939328709186 0.5 1.6944590260631673 0.5 1.2717693072806706 0.5 1.9719074388606717 0.5
58.256075326902305 0.5 1.7039426998393425 0.5 1.8251637223949717 0.5 1.9297329114004542 0.5 1.9755909586730747 0.5 1.4606328536778523 0.5 1.0894247145630758 0.5 1.2183407420664252 0.5 1.7909022822636531 0.5 1.6834760347817994 0.5 1.425455047571857 0.5 1.7806143485329864 0.5 1.6135340800260267 0.5 1.92953868225874 0.5 1.284102725530942 0.5 1.844229769424861 0.5 1.8726296240989027 0.5 1.0822453572378894 0.5 1.644808309173377 0.5 1.0478668663941235 0.5 1.5403721967239874 0.5 1.0935518418986985 0.5 1.7137525186714724 0.5 1.6127737284967718 0.5 1.6515995600696418 0.5 1.495206827861145 0.5 1.8658542429068883 0.5 1.2922378691725815 0.5 1.2152405148280918 0.5 1.966204639728976 0.5 1.2217691820698133 0.5 1.1279140058507746 0.5 1.248052578562143 0.5 1.0631569147182904 0.5 1.7839399676476588 0.5 1.8328416661429063 0.5 1.8877881456481558 0.5 1.3070494246280444 0.5 1.7653038908370353 0.5 1.7496060975460839 0.5 1.4684290339538402 0.5 1.3399292818865653 0.5 1.4333882910552709 0.5 1.6977225593143481 0.5 1.340072573032089 0.5 1.6661029668356953 0.5 1.0997209150583138 0.5 1.3038219549929844 0.5 1.560468926810711 0.5 1.4351621384992264 0.5 1.0169428016956235 0.5 1.9525128224871335 0.5 1.814584670706172 0.5 1.8518006284541788 0.5 1.2147540336171558 0.5 1.2677493203517622 0.5 1.2905316257292683 0.5 1.5464525502253266 0.5 1.9867954253668219 0.5 1.6239122628275067 0.5 1.9202601492858993 0.5 1.317195881491397 0.5 1.9849049416013191 0.5 1.7156215116471967 0.5 1.6991982441624938 0.5 1.833435560944759 0.5 1.2421415125181827 0.5 1.3281554392797457 0.5 1.1380727390694867 0.5 1.705565960262427 0.5 1.6751907980714125 0.5 1.2605526591733895 0.5 1.4267636047922565 0.5 1.1037543799573757 0.5 1.8884707033782533 0.5 1.5243971575635753 0.5 1.796625122161822 0.5 1.5913062111929208 0.5 1.1842459183477834 0.5 1.499911858330885 0.5 1.3865769298592543 0.5 1.8416282139022444 0.5 1.5246146878823434 0.5 1.192988703733211 0.5 1.2488547950146671 0.5 1.2101924264376607 0.5 1.7335446919246662 0.5 1.0979948230877326 0.5 1.6158434108120683 0.5 1.6532302048219982 0.5 1.5296269988260125 0.5 1.2211945727875535 0.5 1.9749247597453465 0.5 1.963695308101466 0.5 1.1675612695832598 0.5 1.2539247886215228 0.5
62.47370002508188 20.0 11.054341072821876 20.0 17.58700412685468 20.0 13.293481038105412 20.0 18.03660386045774 20.0 12.829381147901366 20.0
64.3912691043012 0.5 1.9744624989624167 0.5 1.312230667297046 0.5 1.8699568530037425 0.5 1.0811452476725238 0.5 1.450050826597899 0.5 1.4830363852075945 0.5 1.658097351187333 0.5 1.6976466510744446 0.5 1.258362159578264 0.5 1.0695284709030446 0.5 1.4434075625645506 0.5 1.1885826152992447 0.5 1.9991697061809877 0.5 1.3579613960359436 0.5 1.1030376946296239 0.5 1.0070263873487004 0.5 1.589223583212298 0.5 1.8887101659003593 0.5 1.0003766073916958 0.5 1.680343828502524 0.5 1.0879490340458402 0.5 1.6494252286730353 0.5 1.0690687536436845 0.5 1.863844622145704 0.5 1.9304328330477512 0.5 1.1226736054188438 0.5 1.252908725242959 0.5 1.516018353208053 0.5 1.6537139483620498 0.5 1.7822433821563264 0.5 1.8248565964245158 0.5 1.0346639178273893 0.5 1.779155427833886 0.5 1.4450579038180158 0.5 1.1326898394732234 0.5 1.5326029990554155 0.5 1.9264178829814922 0.5 1.1159984431378085 0.5 1.2451522933880426 0.5 1.0915475955015954 0.5 1.7768312819898813 0.5 1.9411379831889772 0.5 1.6985522001944768 0.5 1.3689296562119062 0.5 1.5855172205599954 0.5 1.7160776993066211 0.5 1.3589624485149354 0.5 1.7701364447549648 0.5 1.3372537813617549 0.5 1.4738087426941542 0.5 1.2213992379581038 0.5 1.953480562305102 0.5 1.1909853780558324 0.5 1.0615538826343451 0.5 1.4478552828931006 0.5 1.6157625538796574 0.5 1.8686074458065325 0.5 1.6433576228697016 0.5 1.1049592938328692 0.5 1.3294527184890041 0.5 1.5121207923628517 0.5 1.252098759538754 0.5 1.5892047320113996 0.5 1.7386258869456745 0.5 1.2151100703914106 0.5 1.8390785532541392 0.5 1.4412194416315534 0.5 1.4768898102756918 0.5 1.8734582563363702 0.5 1.0122086137471737 0.5 1.2444467396364085 0.5 1.0215933677382436 0.5 1.0388708574082632 0.5 1.396939556316213 0.5 1.9984491149988255 0.5 1.990661715785397 0.5 1.971770837160376 0.5 1.3221299997790443 0.5 1.1741380572089537 0.5 1.0133701564591187 0.5 1.1004766194794442 0.5 1.9712225507954828 0.5 1.9373518982847941 0.5 1.9643220836924185 0.5 1.3586187207761045 0.5 1.3201766063853522 0.5 1.6558462179030098 0.5 1.509219048012056 0.5 1.3125001893542745 0.5 1.354761251885822 0.5 1.5319626079039608 0.5 1.815398441156505 0.5 1.684291215972734 0.5 1.199738462267152 0.5 1.6196121253446547 0.5 1.6097737935101475 0.5 1.062524057816845 0.5 1.4538354443083867 0.5 1.2375365175207143 0.5 1.1619275383351075 0.5 1.7285941279818482 0.5 1.3846259060792332 0.5 1.8553944148978632 0.5 1.8477587264604576 0.5 1.6793487367133577 0.5 1.4984874657405622 0.5 1.7044935217882444 0.5 1.3880766798429287 0.5 1.6062468893631003 0.5 1.1496226633423239 0.5 1.0178370047646599 0.5 1.1904942756565178 0.5 1.4864889868383595 0.5 1.7298538223021067 0.5 1.3527889953935834 0.5 1.0838663448364994 0.5 1.2367424469073822 0.5 1.5673031319517916 0.5 1.2272536627089907 0.5 1.7855508024871989 0.5 1.5753764866060151 0.5 1.240342976196934 0.5 1.2720099790492712 0.5 1.5374357291287555 0.5 1.992717713758879 0.5 1.5673039108991258 0.5
65.22458761430366 0.5 1.396730930116188 0.5 1.2121683392827667 0.5 1.389376394105671 0.5 1.4993161925372585 0.5 1.7063963292298492 0.5 1.8411203706093886 0.5 1.746023078151374 0.5 1.6551301219651515 0.5 1.9310909097846238 0.5 1.5100216951544738 0.5 1.0434963515913664 0.5 1.5203975609250704 0.5 1.3532207226317863 0.5 1.634719958098672 0.5 1.8449228095756056 0.5 1.7855741768310947 0.5 1.6573714846336138 0.5 1.8990231280586602 0.5 1.892294004342288 0.5 1.6804513921490691 0.5 1.9580956621852548 0.5 1.9627068753842072 0.5 1.5531360109240355 0.5 1.8398580324060925 0.5 1.9698545219360613 0.5 1.571146154573043 0.5 1.813053521515024 0.5 1.8127907493270614 0.5 1.6057162662947229 0.5 1.9708454964829107 0.5 1.656779614533746 0.5 1.8048020632863733 0.5 1.2773668104929907 0.5 1.8675303622954207 0.5 1.7876198435440744 0.5 1.2250504772741717 0.5 1.6729968709419913 0.5 1.6677639766948913 0.5 1.9601449354343063 0.5 1.4830925360707314 0.5 1.7550877835499628 0.5 1.755910853211427 0.5 1.9114062871895863 0.5 1.4114738628873567 0.5 1.2884508488029431 0.5 1.4079633185322324 0.5 1.3346754118179038 0.5 1.9770870891135925 0.5 1.4220347291000524 0.5 1.1884474327080388 0.5 1.626386045662199 0.5 1.436276158573824 0.5 1.2939086582512238 0.5 1.7507790823524836 0.5 1.787502296505381 0.5 1.8812445807551943 0.5 1.8468853959204379 0.5 1.749929193733128 0.5 1.5928784449044664 0.5 1.2863253959381318 0.5 1.1711891287090805 0.5 1.8967138234022212 0.5 1.1887256711110261 0.5 1.5190619274175217 0.5 1.9992900625796 0.5 1.6096852565643252 0.5 1.9563362905266366 0.5 1.5765946113675844 0.5 1.705548061116404 0.5 1.0572507079215434 0.5 1.6195718752007982 0.5 1.8888093054049548 0.5 1.9283185218766703 0.5 1.0481662789995156 0.5 1.7783917585054285 0.5 1.2083709388824841 0.5 1.8453123029490457 0.5 1.7022347774549995 0.5 1.3501445860989616 0.5 1.6078817684236402 0.5 1.3120808375908468 0.5 1.4828207791480232 0.5 1.9049320832015844 0.5 1.1509074931408714 0.5 1.3237402982543638 0.5 1.7358492682227618 0.5 1.438557674583746 0.5 1.5486107499526538 0.5 1.0428687060712618 0.5 1.210676844455405 0.5 1.6879350296888367 0.5 1.8106319594368356 0.5 1.9213840760656424 0.5 1.4985068995896844 0.5 1.626057556692503 0.5 1.806539160315461 0.5 1.9697799091973145 0.5 1.6963739203163861 0.5 1.1913258242295168 0.5 1.9608465901881842 0.5 1.6389865046538938 0.5 1.1768962013947406 0.5 1.3435842022577282 0.5 1.7496713287068348 0.5 1.4925102615777859 0.5 1.6981943933993753 0.5
65.56037537194877 20.0 11.710113085115362 20.0 13.012637236808063 20.0 17.916636960517017 20.0
67.69757741762956 0.5 1.163718161429113 0.5 1.4858159473865444 0.5 1.6705689647301583 0.5 1.7392162390961525 0.5 1.5633154269422356 0.5 1.0198185142767486 0.5 1.9898426238666036 0.5 1.8177541915202244 0.5 1.2825368894332976 0.5 1.428050924489551 0.5 1.4827266126194059 0.5 1.361957360764452 0.5 1.9228293293428609 0.5 1.764495914078069 0.5 1.4755416508705377 0.5 1.547397951766202 0.5 1.9439389984406257 0.5 1.5592895881268212 0.5 1.8700021117524135 0.5 1.5057023005180727 0.5 1.66653396405419 0.5 1.0043458332365973 0.5 1.782213965626433 0.5 1.7646200971836334 0.5 1.0097168327824217 0.5 1.521598226007185 0.5 1.296143358882036 0.5 1.413853846553733 0.5 1.5665500317308234 0.5 1.7149592306241948 0.5 1.0202992781086153 0.5 1.9962136137987225 0.5 1.1615760477755153 0.5 1.3631774614235295 0.5 1.8210751234942804 0.5 1.113301965308656 0.5 1.8562799050481256 0.5 1.0225301509300302 0.5 1.551101845208915 0.5 1.3775605934562103 0.5 1.194099643878258 0.5 1.134827278861966 0.5 1.00211795224312 0.5 1.0840650296233356 0.5 1.3983602943370435 0.5 1.7473348544798823 0.5 1.8648792342462244 0.5 1.1620222906562208 0.5 1.8239047956579308 0.5 1.505047213990947 0.5 1.8948766337046905 0.5 1.6759627635791055 0.5 1.7293004712085223 0.5 1.0705375093028033 0.5 1.6750592629110979 0.5 1.0128947094835514 0.5 1.9210800103573493 0.5 1.2610380929689946 0.5 1.412747773496141 0.5 1.7587658142271023 0.5 1.4009569654313312 0.5 1.1039182245546861 0.5 1.111183446288837 0.5 1.158484180901334 0.5 1.8791799886769478 0.5 1.8337574988264427 0.5 1.4659449237168378 0.5 1.5706061948010936 0.5 1.7121310006733248 0.5 1.642543951460675 0.5 1.7970960402530143 0.5 1.907433060642425 0.5 1.8348274220976304 0.5 1.5035821473753979 0.5 1.6434835539992303 0.5 1.1328902076106049 0.5 1.4241423755240263 0.5 1.2958135786414149 0.5 1.204505477583779 0.5 1.5064818632746846 0.5 1.311328112870223 0.5 1.7054722731726777 0.5 1.073542775662754 0.5 1.1268820382398304 0.5 1.6825696444960725 0.5 1.7556356748367201 0.5 1.673846258832362 0.5 1.583632886033485 0.5 1.5442478501820374 0.5 1.41332594756017 0.5 1.5658233136938198 0.5 1.3639343477932369 0.5 1.8248276035979383 0.5 1.4204621024514288 0.5 1.4176596976573688 0.5 1.7283651976105854 0.5 1.7762554705633442 0.5 1.7080185161454569 0.5 1.2797933217523432 0.5 1.9683285227143648 0.5 1.8587523265320196 0.5
81.27190517161895 0.5 1.6516781726290621 0.5 1.959771836483971 0.5 1.859328863851589 0.5 1.1523517240532002 0.5 1.017766987273076 0.5 1.7540610014113416 0.5 1.012337809455679 0.5 1.900406752536692 0.5 1.448368929714187 0.5 1.103750352917983 0.5 1.3341231334421833 0.5 1.0932082690682368 0.5 1.1223417406634044 0.5 1.1039303211112763 0.5 1.3413598986954227 0.5 1.9163747763253973 0.5 1.3225530601446427 0.5 1.410734242464556 0.5 1.6204653082808393 0.5 1.4438402442165446 0.5 1.377286304503018 0.5 1.580374102953336 0.5 1.5735574422787362 0.5 1.749935714349507 0.5 1.0669656203137499 0.5 1.041954996456543 0.5 1.9326940162035682 0.5 1.0098446474319274 0.5 1.2202303642988732 0.5 1.3210470326191674 0.5 1.375522198423828 0.5 1.377101770603379 0.5 1.7179224446044459 0.5 1.5110015956441232 0.5 1.6194227274438038 0.5 1.8492855671589208 0.5 1.579044786453406 0.5 1.511337314220369 0.5 1.2168761698139752 0.5 1.7010943972022283 0.5 1.5011382344608888 0.5 1.9340541842189465 0.5 1.197316291909622 0.5 1.1869097220734122 0.5 1.8798626612247498 0.5 1.02550544534779 0.5 1.0455913430601935 0.5 1.476265045402315 0.5 1.2946198598552106 0.5 1.4368777683561904 0.5 1.957185669496074 0.5 1.3097935214093062 0.5 1.3440602613863342 0.5 1.104124794974335 0.5 1.7286176826717754 0.5 1.83739097000515 0.5 1.7126667515315073 0.5 1.093762061283071 0.5 1.2016146255771205 0.5 1.441991544312594 0.5 1.3160127005180704 0.5 1.3833922348929422 0.5 1.2073400691317544 0.5 1.4294670905481552 0.5 1.3370492624245078 0.5 1.5212580225345411 0.5 1.9222377519683125 0.5 1.8242269230359398 0.5 1.862599446316589 0.5 1.502149636357497 0.5 1.3154626431377354 0.5 1.733202096039665 0.5 1.8107902602239778 0.5 1.4844326686952811 0.5 1.9574560646419439 0.5 1.564095389091591 0.5 1.5994764864097535 0.5 1.4666417798199571 0.5 1.258505755441067 0.5 1.9852323054776528 0.5 1.4454024771031027 0.5 1.9412197727388305 0.5 1.8594873101501999 0.5 1.41964836681489 0.5 1.4705466411796464 0.5 1.7193666127856697 0.5 1.6052998591417813 0.5 1.3630857788226396 0.5 1.8817751231169209 0.5 1.2581336142729929 0.5 1.7215258919217509 0.5 1.032347120953073 0.5 1.2437037837933134 0.5 1.2170753398871494 0.5 1.6468897039759682 0.5 1.2438915961812236 0.5 1.518895349847554 0.5 1.3372020408742724 0.5 1.9177292349803214 0.5 1.8880244730241114 0.5 1.413087168625259 0.5 1.7628553311213269 0.5 1.6795007338587835 0.5 1.7099523382877293 0.5 1.9892422222629897 0.5 1.7591571772344237 0.5 1.8612954083768702 0.5 1.1826091260810334 0.5 1.7000093237598985 0.5 1.841630905087295 0.5 1.4227041077462088 0.5 1.3269512418017766 0.5
89.78209517205217 0.5 1.342376200878523 0.5 1.2483368420708256 0.5 1.1363681189151262 0.5 1.7631762238778033 0.5 1.9366893985757945 0.5 1.2593466017303356 0.5 1.884141358303495 0.5 1.7597081478824301 0.5 1.9180148186460035 0.5 1.5450264239703406 0.5 1.8202698743993642 0.5 1.3261079310497668 0.5 1.5328189647775663 0.5 1.358343576857255 0.5 1.8850391165445064 0.5 1.605302065319417 0.5 1.9420139657232292 0.5 1.118006813127578 0.5 1.773325078558654 0.5 1.368550566469421 0.5 1.3695641100242537 0.5 1.466229384408964 0.5 1.0447226125831737 0.5 1.000548530657508 0.5 1.0687103393837827 0.5 1.642262065521516 0.5 1.294486273293746 0.5 1.3273144604979963 0.5 1.5205265420093026 0.5 1.7445144052041859 0.5 1.4988020770572037 0.5 1.036399367713884 0.5 1.954692039332941 0.5 1.6888870108943925 0.5 1.9423692146883655 0.5 1.4975512088011458 0.5 1.3232921954013852 0.5 1.9073926874964884 0.5 1.828561860891367 0.5 1.3855520852065344 0.5 1.9328295441533916 0.5 1.1055850224992367 0.5 1.5323933193484995 0.5 1.4118517157310113 0.5 1.1093064111963122 0.5 1.674842187553125 0.5 1.2040882544060394 0.5 1.6594960178305185 0.5 1.1219868196765925 0.5 1.0936723748676793 0.5 1.2682430087426497 0.5 1.1667412751633468 0.5 1.1419480386112293 0.5 1.8078914200704683 0.5 1.192038798093435 0.5 1.6540497659318367 0.5 1.44175499611957 0.5 1.6366152555316156 0.5 1.5901533681620341 0.5 1.4413214501107408 0.5 1.089711398209101 0.5 1.240394497494273 0.5 1.852937422763197 0.5 1.6522967112727163 0.5 1.0577139437099063 0.5 1.9545908901716245 0.5 1.293369558105419 0.5 1.1453017345148426 0.5 1.2902288418858867 0.5 1.9324364171194528 0.5 1.3559150637702655 0.5 1.1942825742163543 0.5 1.940810904697771 0.5 1.3086303423315266 0.5 1.9188266661358895 0.5 1.342990627752126 0.5 1.8662441680880422 0.5 1.266875334670373 0.5 1.5939674310988634 0.5 1.7186965272552956 0.5 1.6443939649926624 0.5 1.3777692989620107 0.5 1.0282574251859324 0.5 1.299902556174129 0.5 1.8963140594054615 0.5 1.9757471880698296 0.5 1.4828890926164728 0.5 1.9630972451562405 0.5 1.0399783863033623 0.5 1.4809216583703684 0.5 1.382842940956933 0.5 1.5772859971485242 0.5 1.6331953622648572 0.5 1.9145361481008039 0.5 1.0525977939457647 0.5 1.5780078498400023 0.5 1.188901362827258 0.5 1.8315422701013153 0.5 1.750982723822767 0.5 1.542481088660503 0.5
99.10567575989155 0.5 1.2074687752250737 0.5 1.591031829243794 0.5 1.856894644684533 0.5 1.9024969117239996 0.5 1.994448789844452 0.5 1.6319278506077666 0.5 1.434845888503189 0.5 1.4351077360413873 0.5 1.9539929203906188 0.5 1.9198460820605017 0.5 1.5556854113158542 0.5 1.7308553609700765 0.5 1.6755948624490573 0.5 1.5502902616460914 0.5 1.3552265515736281 0.5 1.723848737165322 0.5 1.429152614504624 0.5 1.3182926628502258 0.5 1.0772822165303277 0.5 1.3255758822156731 0.5 1.0674714431981638 0.5 1.3937741953505953 0.5 1.8935332749487745 0.5 1.3117175412820408 0.5 1.3720111410807108 0.5 1.330092075513717 0.5 1.1004388740378037 0.5 1.3119252267311485 0.5 1.4548780154489798 0.5 1.7750890717301067 0.5 1.8081656916467317 0.5 1.782021416787174 0.5 1.1862031375026327 0.5 1.6939770217621752 0.5 1.8998470609496105 0.5 1.8558120850249566 0.5 1.4129811825169472 0.5 1.689909354877961 0.5 1.0484062207024207 0.5 1.968526567606861 0.5 1.9181003128319862 0.5 1.0741988799658602 0.5 1.6873911671874149 0.5 1.7931863185505557 0.5 1.0917128594497993 0.5 1.9289126318715368 0.5 1.2827592248557367 0.5 1.633416904254885 0.5 1.2519267662597342 0.5 1.877645710661651 0.5 1.2617394338857308 0.5 1.2421550732719835 0.5 1.4325176330077731 0.5 1.7242058029316238 0.5 1.8292185143436448 0.5 1.1285556308630191 0.5 1.1576923818211262 0.5 1.5306485666321423 0.5 1.386319639570875 0.5 1.3102387909828297 0.5 1.530496651582713 0.5 1.4582872625942196 0.5 1.0835348009422248 0.5 1.870280841998833 0.5 1.8429632226286552 0.5 1.9373220965487867 0.5 1.6537058625902383 0.5 1.1836959872077801 0.5 1.3028914258102762 0.5 1.1010298099895581 0.5 1.7299620752629035 0.5 1.8943056875035076 0.5 1.1572704517310615 0.5 1.4084513163797419 0.5 1.443699508805262 0.5 1.779635384041351 0.5 1.369041981619747 0.5 1.3895275456570313 0.5 1.7265481808402319 0.5 1.703699104818503 0.5 1.9162117609890785 0.5 1.5015079451451467 0.5 1.4296879850191995 0.5 1.0416795435898951 0.5 1.8122209022966942 0.5 1.6016094081656749 0.5 1.2596052062902996 0.5 1.2673871359821187 0.5 1.4912348682686818 0.5 1.228145920051076 0.5 1.5619575572092388 0.5 1.6099285703728607 0.5 1.1333884575578308 0.5 1.4369185791571129 0.5 1.649431784507192 0.5 1.0572672585857874 0.5 1.1050040649359731 0.5 1.9561232557554646 0.5 1.3466624583194582 0.5
106.53889525760333 0.5 1.9529072244172454 0.5 1.6651471315613011 0.5 1.54459010084134 0.5 1.2184609263496495 0.5 1.512671632239472 0.5 1.0101655578308049 0.5 1.2189615235011693 0.5 1.2295054724411596 0.5 1.7767459910062717 0.5 1.4351311195651784 0.5 1.5544775974919087 0.5 1.33764481548621 0.5 1.6352804969886514 0.5 1.806193215997878 0.5 1.8025422273709597 0.5 1.1412627852290593 0.5 1.5951219994033488 0.5 1.5309532591985584 0.5 1.9592127579133753 0.5 1.0830866059767685 0.5 1.9473035577769915 0.5 1.058234966901645 0.5 1.6570295671817088 0.5 1.2061264181373024 0.5 1.1199553890022336 0.5 1.896858190861236 0.5 1.8039736657031382 0.5 1.011991535267738 0.5 1.8576390166126915 0.5 1.5000640461649168 0.5 1.7563452584908381 0.5 1.741882157292049 0.5 1.1510868249826238 0.5 1.378991254822055 0.5 1.0608602672386267 0.5 1.8745663634319787 0.5 1.2810057187191664 0.5 1.640818946153186 0.5 1.9976354862527093 0.5 1.4625279509746956 0.5 1.4100146584977238 0.5 1.013407452812668 0.5 1.1870046867419588 0.5 1.7927473585517937 0.5 1.6167553941678903 0.5 1.9251520116777339 0.5 1.116161905720762 0.5 1.6170872662424358 0.5 1.9290689087703194 0.5 1.039745627092239 0.5 1.3278424106661706 0.5 1.7044056979409834 0.5 1.566550997236611 0.5 1.881802211214077 0.5 1.119626751238592 0.5 1.0319974286075917 0.5 1.9295521822882296 0.5 1.4020371809337804 0.5 1.0620172152165006 0.5 1.5641019514984134 0.5 1.6821146224079886 0.5 1.1071555530380448 0.5 1.1567075700785825 0.5 1.2025555909757752 0.5 1.3064235938570627 0.5 1.3849746481505165 0.5 1.1053768464318476 0.5 1.5521483558947793 0.5 1.6965495165987257 0.5 1.1544840026049106 0.5 1.9876430768218423 0.5 1.049948946241601 0.5 1.9457989700102745 0.5 1.80983810471398 0.5 1.0263466389505742 0.5 1.8757910480054891 0.5 1.5038742237636167 0.5 1.155116422850641 0.5 1.2201376497951513 0.5 1.1861129006125357 0.5 1.5302606981479059 0.5 1.1274855985216643 0.5 1.9939851474663128 0.5 1.586866314660886 0.5 1.9682337567723247 0.5 1.2281002776388878 0.5 1.7732391694171983 0.5 1.0642265406409703 0.5 1.0473842056326408 0.5 1.5936101132170093 0.5 1.145769216372638 0.5 1.3634956513154162 0.5 1.3038302583131811 0.5 1.8640207045806312 0.5 1.6591249459869764 0.5 1.7490310580775636 0.5 1.2053714871157923 0.5 1.8520401020348616 0.5 1.4814501807523268 0.5 1.6280468099279952 0.5 1.0896630122963857 0.5
109.22075401259423 20.0
165.12200355158652 0.5 1.1801822717261476 0.5 1.6072271264184073 0.5 1.989114821221083 0.5 1.5956935505574181 0.5 1.8162433560448386 0.5 1.8637581027636343 0.5 1.8262070320397588 0.5 1.9950062144613954 0.5 1.505725092873305 0.5 1.585795407373106 0.5 1.3996791569204388 0.5 1.23545555728118 0.5 1.4985937286787991 0.5 1.960276270559723 0.5 1.2550731487880613 0.5 1.860688311356745 0.5 1.9821073620133265 0.5 1.6391625049391583 0.5 1.7051983374926682 0.5 1.7583208568364794 0.5 1.7298397426047794 0.5 1.235235837060801 0.5 1.2751561047097209 0.5 1.5019632445212796 0.5 1.7217984242690898 0.5 1.9803680791427387 0.5 1.153709777871501 0.5 1.0349733194232218 0.5 1.0075931772566302 0.5 1.3361273597204597 0.5 1.0058030558882958 0.5 1.0622861411275843 0.5 1.565361660240754 0.5 1.1901278590165985 0.5 1.1572494771757627 0.5 1.3000481924932934 0.5 1.9185760889473955 0.5 1.2934927377292538 0.5 1.2416253406857192 0.5 1.2836216126787963 0.5 1.1049872003734578 0.5 1.5240741185730093 0.5 1.7499960630395428 0.5 1.1009709644190475 0.5 1.2557037264585482 0.5 1.4021466334152848 0.5 1.8936445254874152 0.5 1.2939507711915392 0.5 1.732797032763361 0.5 1.2305671889693919 0.5 1.8911145959618754 0.5 1.9704446835552734 0.5 1.1692124248953262 0.5 1.8453822677594676 0.5 1.053956749253048 0.5 1.8709194886049023 0.5 1.6668853313363607 0.5 1.0064224408381208 0.5 1.9487646619963066 0.5 1.3940879154917138 0.5 1.6145277988332725 0.5 1.2450129200612938 0.5 1.8297096183709294 0.5 1.9651384500911944 0.5 1.2211697992457684 0.5 1.5811328835688316 0.5 1.7053884132908246 0.5 1.855864988920389 0.5 1.88029916837124 0.5 1.240589681931295 0.5 1.3125746873490025 0.5 1.9541548375614304 0.5 1.6560345209890146 0.5 1.5162170226499225 0.5 1.0572933891650873 0.5 1.3075358285008987 0.5 1.2528142960559703 0.5 1.1541977771827185 0.5 1.5608462991914198 0.5 1.4784364231315132 0.5 1.7848339200271395 0.5 1.7891059140462358 0.5 1.8291874700291704 0.5 1.0277608817026485 0.5 1.8895444786938582 0.5 1.6029030189117435 0.5 1.7199259105071616 0.5 1.7375030393402244 0.5 1.8270512069263423 0.5 1.196468975170357 0.5 1.2289751399774516 0.5 1.4063775275549446 0.5 1.9821930522595093 0.5 1.6689049326043017 0.5 1.5946536406878116 0.5
170.97900041551455 0.5 1.9267397669484168 0.5 1.2912027278921707 0.5 1.6631511624527027 0.5 1.987999330933543 0.5 1.536492294966937 0.5 1.3058617387040456 0.5 1.010599033621446 0.5 1.7877646174504194 0.5 1.3719544999421254 0.5 1.7961643718876896 0.5 1.6057927952247262 0.5 1.2927153833059082 0.5 1.0378489243735336 0.5 1.6501388368938876 0.5 1.104688981246312 0.5 1.5257603302386653 0.5 1.2227134324075717 0.5 1.6269209753401268 0.5 1.3469235660286074 0.5 1.1336226325179672 0.5 1.6282062160921036 0.5 1.9185881918508079 0.5 1.781497172190992 0.5 1.8341609201229594 0.5 1.8935548340869386 0.5 1.5898147941624101 0.5 1.9438199751148373 0.5 1.3762302654117042 0.5 1.8804664341067228 0.5 1.9152416783123922 0.5 1.228143051705488 0.5 1.242924519327517 0.5 1.81531478988413 0.5 1.528054527883559 0.5 1.7479453006193426 0.5 1.1543076634456977 0.5 1.7342494631072431 0.5 1.8131362251011516 0.5 1.5574889914165506 0.5 1.7370392680492337 0.5 1.4978433349191087 0.5 1.6864893666756635 0.5 1.3433344053959753 0.5 1.9155014644855384 0.5 1.8643772330923192 0.5 1.5826561594357467 0.5 1.1426885645191822 0.5 1.2526272250844595 0.5 1.2884379705988889 0.5 1.5489653618456563 0.5 1.1090033964903312 0.5 1.549194309086987 0.5 1.3221537241986678 0.5 1.475343562695235 0.5 1.6876617287438216 0.5 1.8916172631217694 0.5 1.701030455231101 0.5 1.7330142644441366 0.5 1.1509902008121344 0.5 1.0941570389378863 0.5 1.0755503015160377 0.5 1.7677334158797866 0.5 1.2194100490538586 0.5 1.0217126882602883 0.5 1.3113866326432695 0.5 1.4509309006587356 0.5 1.128416934698117 0.5 1.9535750333531854 0.5 1.2472706264833997 0.5 1.98881230461809 0.5 1.3191886653329534 0.5 1.5166684456493704 0.5 1.3403920624476522 0.5 1.460382355046121 0.5 1.4929379224817199 0.5 1.7928192223157347 0.5 1.0216116781308298 0.5 1.5781719222208956 0.5 1.128517452523072 0.5 1.151322386599924 0.5 1.8561012454579202 0.5 1.4659278377222194 0.5 1.430775186201907 0.5 1.9454420294533619 0.5 1.2193091003284535 0.5 1.1152464038756071 0.5 1.5130008553300383 0.5 1.095539233856519 0.5 1.3993505430272912 0.5 1.1120325790570944 0.5 1.3732742849200665 0.5 1.4828695326177037 0.5 1.8069786574078868 0.5 1.39272435738195 0.5 1.8004456937058464 0.5 1.315339692151144 0.5 1.6170799551732982 0.5 1.9341752541448192 0.5 1.2424478538293418 0.5 1.4071456033516871 0.5 1.7935522640079598 0.5 1.40439086303981 0.5 1.8281461588272228 0.5 1.923266320388418 0.5 1.98311454898401 0.5 1.1364761597246744 0.5 1.8099591326947806 0.5 1.7718267579973608 0.5 1.1746727070501337 0.5 1.4249062628859477 0.5 1.9799591380631307 0.5 1.512243307858457 0.5 1.4856695884270819 0.5 1.9030451840532967 0.5 1.2433975394743746 0.5 1.408359729353474 0.5
184.10018312781872 0.5 1.5738971068265877 0.5 1.377505311040822 0.5 1.087296186974629 0.5 1.724007029160909 0.5 1.2722194019572934 0.5 1.1937805906690253 0.5 1.8494736187017753 0.5 1.161845485280058 0.5 1.0485959347484828 0.5 1.2671535977764743 0.5 1.5062325403252579 0.5 1.3067253641063714 0.5 1.1485225671222268 0.5 1.9230919999155964 0.5 1.6981923217432828 0.5 1.998525613725388 0.5 1.5639286827998427 0.5 1.972102588276416 0.5 1.151841564838619 0.5 1.261608476563404 0.5 1.925810496638702 0.5 1.5314289562108785 0.5 1.5665466680261377 0.5 1.6250259359697838 0.5 1.7092402762446688 0.5 1.2044766571745948 0.5 1.552311162754458 0.5 1.629419019273682 0.5 1.738292405659763 0.5 1.0070132202087216 0.5 1.1910996637892228 0.5 1.267255550774387 0.5 1.8102413880617247 0.5 1.553472094608324 0.5 1.4183249292407485 0.5 1.2782436872172203 0.5 1.1858384279081595 0.5 1.5000173309898743 0.5 1.977700132444268 0.5 1.1860343255724586 0.5 1.2695125435771129 0.5 1.146985445037581 0.5 1.5172633583953306 0.5 1.3000037096154877 0.5 1.421926593415399 0.5 1.8081485515395497 0.5 1.8825964591168782 0.5 1.996737901747668 0.5 1.4127205094454491 0.5 1.4490401715178205 0.5 1.1269771659074563 0.5 1.8314088835126274 0.5 1.0536431600441114 0.5 1.7112109738197971 0.5 1.9544414275243773 0.5 1.897359464511553 0.5 1.6988772756495096 0.5 1.32017800039878 0.5 1.3719674191809805 0.5 1.5982278691726566 0.5 1.4348141043654417 0.5 1.6266451577006875 0.5 1.1611691335444323 0.5 1.837726702203025 0.5 1.5111375994567866 0.5 1.8451364752077448 0.5 1.2435898750863308 0.5 1.3328021631225875 0.5 1.6034619655954119 0.5 1.9883722946823332 0.5 1.4223247737428326 0.5 1.2509315067230582 0.5 1.5898346880157135 0.5 1.1872108076986687 0.5 1.359496602493556 0.5 1.2188735626161122 0.5 1.5723687340847818 0.5 1.119274237492904 0.5 1.9551575214605663 0.5 1.2754536724413834 0.5 1.550556075787207 0.5 1.6003846298339277 0.5 1.4827127200713925 0.5 1.3070083923076363 0.5 1.1328100013624665 0.5 1.0221794561236084 0.5 1.983786744806166 0.5 1.8420931036893262 0.5 1.1813111625698722 0.5 1.584402825883685 0.5 1.7407263521880791 0.5
189.6722078722694 0.5 1.1674099874981452 0.5 1.2716668155463107 0.5 1.3845189359832264 0.5 1.4931776685551048 0.5 1.0174162757674052 0.5 1.811385030037893 0.5 1.0723131843747196 0.5 1.116002436048385 0.5 1.1756769310045856 0.5 1.4151048766500096 0.5 1.3596712013555057 0.5 1.0345442532296856 0.5 1.0342360188125959 0.5 1.7837996499502045 0.5 1.0324359285008935 0.5 1.4500327653494192 0.5 1.4155971296865304 0.5 1.1620229538892373 0.5 1.593566241385997 0.5 1.3014211012294012 0.5 1.288905149388491 0.5 1.8613081747761093 0.5 1.3134978913147797 0.5 1.3316185331777617 0.5 1.8815769782799956 0.5 1.5553441737088174 0.5 1.263620959382247 0.5 1.5780809042504074 0.5 1.0916553870786054 0.5 1.7646868528091 0.5 1.4921440561878994 0.5 1.284232724857488 0.5 1.4678090710067968 0.5 1.7199192450992125 0.5 1.4217930265628134 0.5 1.08500330238294 0.5 1.162861887448315 0.5 1.4927923313199492 0.5 1.3447282262744287 0.5 1.2026939440983595 0.5 1.6783782021604452 0.5 1.4587584551091983 0.5 1.1874269261380372 0.5 1.5247328642579108 0.5 1.4368657351170464 0.5 1.580327247361142 0.5 1.9298567342734738 0.5 1.2684834890391254 0.5 1.6734732480859644 0.5 1.2324781346797904 0.5 1.751015567828205 0.5 1.8388561983074558 0.5 1.1514788634528457 0.5 1.4688011594774844 0.5 1.3992857846643094 0.5 1.332039689900697 0.5 1.2414977183875073 0.5 1.0489674578549635 0.5 1.573187390238854 0.5 1.436537350093484 0.5 1.977677404020822 0.5 1.4274366803346608 0.5 1.4303212364972886 0.5 1.2493574166122814 0.5 1.1912802841154058 0.5 1.47736573662011 0.5 1.7339144525963943 0.5 1.720585047147785 0.5 1.1776138552857194 0.5 1.6702206625078286 0.5 1.641131502536295 0.5 1.0685094818243104 0.5 1.6295540399139838 0.5 1.56775573078638 0.5 1.8520492644346214 0.5 1.8595512897254078 0.5 1.7844210198159365 0.5 1.3301936326278572 0.5 1.9215220047916626 0.5 1.1528577841457175 0.5 1.3602359070688168 0.5 1.6557461434644036 0.5 1.3546905448834994 0.5 1.7548940706802698 0.5 1.2102051767483157 0.5 1.1431491579588546 0.5 1.9398398178502305 0.5 1.2209053876299998 0.5 1.579941837283886 0.5 1.3702694270947147 0.5 1.1894148306833836 0.5 1.1002590252054194 0.5 1.7635104973913696 0.5 1.7313033203252246 0.5 1.0700869006325162 0.5 1.7815218951244522 0.5 1.7610202768894838 0.5 1.5161914086484471 0.5
211.2978047896185 0.5 1.8541602798287473 0.5 1.105225970234827 0.5 1.1488118947363932 0.5 1.2151708888884256 0.5 1.6546707084994763 0.5 1.2082475269985489 0.5 1.8547614525700515 0.5 1.0759645845308388 0.5 1.477476800004443 0.5 1.7986231423010315 0.5 1.2545193275390638 0.5 1.3414924424377634 0.5 1.7759902607261497 0.5 1.3852426132830977 0.5 1.8868111537104006 0.5 1.8366280556459396 0.5 1.6062600718573616 0.5 1.0248854541918946 0.5 1.911339228819529 0.5 1.2773173355917118 0.5 1.285592756215211 0.5 1.220906010793371 0.5 1.5143798554385612 0.5 1.8236712471503265 0.5 1.8239633551522287 0.5 1.8569083187056448 0.5 1.4815442998533683 0.5 1.0127964895051056 0.5 1.4438163440491227 0.5 1.0988647791290993 0.5 1.0803815911416201 0.5 1.595073433748813 0.5 1.714286980297131 0.5 1.1897378687459044 0.5 1.3740281126947496 0.5 1.0565146506550247 0.5 1.649516576199792 0.5 1.2331829806626402 0.5 1.3908269449689445 0.5 1.733940220294864 0.5 1.025559504928896 0.5 1.7369590490681361 0.5 1.0280166637465495 0.5 1.8070768643364188 0.5 1.5269383400382197 0.5 1.370884732941526 0.5 1.047289336147116 0.5 1.1974412122756812 0.5 1.6296801429264993 0.5 1.902276805453544 0.5 1.6629008616677647 0.5 1.3123731862194694 0.5 1.153050522871093 0.5 1.6821993831548192 0.5 1.293599876475279 0.5 1.730770201564328 0.5 1.3477499813265594 0.5 1.9185232857384404 0.5 1.6772691470858976 0.5 1.1098883829797486 0.5 1.3139315096260913 0.5 1.4589623096919855 0.5 1.1560865751869254 0.5 1.027508538503803 0.5 1.499429001492489 0.5 1.995370093724175 0.5 1.188235655045672 0.5 1.954302913212842 0.5 1.3172984673309784 0.5 1.803762517656137 0.5 1.9007122322969665 0.5 1.8422412128636458 0.5 1.5741672072894615 0.5 1.73540160060356 0.5 1.9303592608153035 0.5 1.386172223081402 0.5 1.3351388834960765 0.5 1.958274946205543 0.5 1.7621484310194917 0.5 1.792856495891483 0.5 1.8068372297876176 0.5 1.3102794933380408 0.5 1.360489079633881 0.5 1.212806284164815 0.5 1.4182292516769457 0.5 1.1909745011027222 0.5 1.3975091973552431 0.5 1.338720356106366 0.5 1.9805545755856122 0.5 1.8044089412626014 0.5 1.2690970722974368 0.5 1.0148636040452375 0.5 1.5320502873187367 0.5 1.5162153934319829 0.5 1.2719935508819065 0.5 1.9492929099930605 0.5 1.6085684570188463 0.5 1.9903163600567657 0.5 1.0507190707547163 0.5 1.2771402440129296 0.5 1.375264472833337 0.5 1.1422065084383557 0.5
216.06407235180984 0.5 1.1334930810626915 0.5 1.4474933665057592 0.5 1.0598531869744368 0.5 1.1270456224490488 0.5 1.628175803836931 0.5 1.8290663652497738 0.5 1.350886957972918 0.5 1.7085360561545877 0.5 1.1683409282137127 0.5 1.4869888261834507 0.5 1.477253737745563 0.5 1.4538246086393096 0.5 1.3023351330631652 0.5 1.3748197580304478 0.5 1.291759467009303 0.5 1.9899350949480603 0.5 1.129465642472105 0.5 1.6208893469116232 0.5 1.1703829890256285 0.5 1.8172135693643918 0.5 1.9243154830735705 0.5 1.2073388651350196 0.5 1.7385021479203955 0.5 1.336996844273814 0.5 1.417858210698325 0.5 1.829612881254818 0.5 1.840851020257419 0.5 1.895062912207604 0.5 1.234790812793145 0.5 1.7300197289651438 0.5 1.6648930017733203 0.5 1.9350247715233018 0.5 1.4608935476797154 0.5 1.847493947803708 0.5 1.1348651505972116 0.5 1.7110610369552846 0.5 1.4003440797339057 0.5 1.4066485096643333 0.5 1.4648698165881893 0.5 1.8186245702883037 0.5 1.0632547506231482 0.5 1.1182746285956933 0.5 1.8387310874654053 0.5 1.1720885871137052 0.5 1.1557097427240661 0.5 1.1075262157517562 0.5 1.6617791124287196 0.5 1.3277962885656436 0.5 1.263632629855549 0.5 1.8832149284504274 0.5 1.6970144987472802 0.5 1.6681080816307854 0.5 1.9338287957344282 0.5 1.8759174624227024 0.5 1.8095646193776302 0.5 1.6424695813828 0.5 1.9819469727450847 0.5 1.6810016217349655 0.5 1.9933901182825475 0.5 1.292706297089983 0.5 1.4024311179096882 0.5 1.1574565872123572 0.5 1.905290498537377 0.5 1.5455531507063864 0.5 1.9269912723354103 0.5 1.8027999797581487 0.5 1.6074695913707702 0.5 1.897103603289912 0.5 1.992991939857169 0.5 1.413448772804606 0.5 1.8345754269333603 0.5 1.5424108124279057 0.5 1.5046964218406553 0.5 1.2165877879316191 0.5 1.9972774949489054 0.5 1.7213899156433423 0.5 1.5368783142035065 0.5 1.1102786140684424 0.5 1.5408891000107585 0.5 1.5943328620952113 0.5 1.0608504719043594 0.5 1.6899645620777386 0.5 1.1527687491323562 0.5 1.2958529064729438 0.5 1.2423199988149878 0.5 1.719281887914893 0.5 1.3742065625803472 0.5 1.7033809832656819 0.5 1.92179369225496 0.5 1.5621327487406735 0.5
229.2844511123632 0.5 1.3850956098005804 0.5 1.0354344939585896 0.5 1.598167791424066 0.5 1.615409626596191 0.5 1.841291448279153 0.5 1.1127953947069409 0.5 1.0589032785200667 0.5 1.2868189619688775 0.5 1.6388406105457949 0.5 1.8674064011033518 0.5 1.364205150580364 0.5 1.0326714231317498 0.5 1.289167177918388 0.5 1.9304391681983906 0.5 1.0257415463391428 0.5 1.9013386285503233 0.5 1.7277617657413251 0.5 1.2774668122562336 0.5 1.6252864454629994 0.5 1.9995997498485478 0.5 1.204835166581566 0.5 1.9352066592377128 0.5 1.0519456810948866 0.5 1.357209999061035 0.5 1.8036149549675766 0.5 1.9949724703569789 0.5 1.6430348097537206 0.5 1.082595061439036 0.5 1.0665301568505874 0.5 1.0296356615722775 0.5 1.4856751717294039 0.5 1.4828725568154928 0.5 1.606489091782565 0.5 1.8577139036540715 0.5 1.7331399842907096 0.5 1.629276299298533 0.5 1.980679704211509 0.5 1.2634934067600552 0.5 1.932575304284537 0.5 1.6933799276411712 0.5 1.3764012670600807 0.5 1.1286314786015523 0.5 1.1851968928911614 0.5 1.4367270334558464 0.5 1.2858857612032064 0.5 1.7171368345357196 0.5 1.9569686520525247 0.5 1.0757597820698717 0.5 1.1336750593191982 0.5 1.6395762377491523 0.5 1.4305650120769045 0.5 1.4423958044012122 0.5 1.6945293613481058 0.5 1.4890978848721605 0.5 1.2632658220793518 0.5 1.1498131882981333 0.5 1.5184679801294925 0.5 1.9250966809948384 0.5 1.112011461047759 0.5 1.8623169580989207 0.5 1.4575509344115953 0.5 1.1084972712333716 0.5 1.278680664683643 0.5 1.4496324656819062 0.5 1.8053093743094135 0.5 1.227038811697498 0.5 1.7420374326394126 0.5 1.222788797772198 0.5 1.9079681396847916 0.5 1.9152911740082244 0.5 1.7163315116948619 0.5 1.6984835671224703 0.5 1.5574531571267038 0.5 1.2677882179089075 0.5 1.3442581887322813 0.5 1.9121325556060635 0.5 1.4780801513878967 0.5 1.5073608649734331 0.5 1.5084576679821224 0.5 1.8947244392140856 0.5 1.4298334806665798 0.5 1.0881826191923567 0.5 1.6343711606971916 0.5 1.7052147056545053 0.5 1.4611835129308655 0.5 1.2226227473496722 0.5 1.3241330321960079 0.5 1.0755744797727793 0.5 1.3271149955269732 0.5 1.0795473766165493 0.5 1.6418568913389318 0.5 1.9783899007824943 0.5 1.0260047403964605 0.5 1.513185203446429 0.5 1.8387073928882807 0.5 1.9432805980966503 0.5 1.953973184547777 0.5 1.3413206983894659 0.5 1.831312519285321 0.5 1.227156519447302 0.5 1.0687932520709413 0.5 1.223130158382462 0.5 1.1934141846502575 0.5 1.2086420721195743 0.5 1.410785102213681 0.5 1.8644678636922434 0.5 1.174573286481401 0.5
244.07393026642183 0.5 1.7747437051326926 0.5 1.4123137069958709 0.5 1.9113893837860418 0.5 1.714490504031844 0.5 1.8000125859990947 0.5 1.5626769026536722 0.5 1.062034481475665 0.5 1.0990730525555503 0.5 1.668693257173234 0.5 1.7183307553139424 0.5 1.8583269966040161 0.5 1.860225343694748 0.5 1.5696851646378778 0.5 1.3968011054325946 0.5 1.638620825996619 0.5 1.4289748218952958 0.5 1.7508224491385083 0.5 1.1559995832095256 0.5 1.9545607444506632 0.5 1.895348521543244 0.5 1.292092625516614 0.5 1.1923372229730744 0.5 1.60409417925145 0.5 1.583220577331565 0.5 1.2163508439782784 0.5 1.9748261877058877 0.5 1.9217732317806417 0.5 1.9141237749397 0.5 1.9845051419742368 0.5 1.807461610732255 0.5 1.7625400311491188 0.5 1.1014179123183747 0.5 1.344141955856938 0.5 1.7673929385160696 0.5 1.5705422130148383 0.5 1.2597232622138814 0.5 1.7404764749229178 0.5 1.121750254992048 0.5 1.3985358595164936 0.5 1.5016148910143332 0.5 1.9319245478032976 0.5 1.949001914784821 0.5 1.4064896590459732 0.5 1.7115738700722147 0.5 1.3419881855036957 0.5 1.9178589785094131 0.5 1.2636259671575434 0.5 1.6843716484935727 0.5 1.8142681151827569 0.5 1.0244030728323485 0.5 1.5768599160747785 0.5 1.1742708802651185 0.5 1.321261797317956 0.5 1.201261684583602 0.5 1.2537839385201726 0.5 1.374979585934134 0.5 1.4670404968321507 0.5 1.5449880423422093 0.5 1.1858181771716034 0.5 1.0355874419821915 0.5 1.1715781740970042 0.5 1.022534481211205 0.5 1.0365317363467672 0.5 1.6066370389005775 0.5 1.4242836494440705 0.5 1.6984738049316417 0.5 1.4662755278826305 0.5 1.4499248471387043 0.5 1.7192212792259642 0.5 1.8102159237521573 0.5 1.8682666394810923 0.5 1.3607001820208497 0.5 1.5449240091270762 0.5 1.7310989311244898 0.5 1.853795096277007 0.5 1.7520322133534978 0.5 1.9489848759633448 0.5 1.6994589045517143 0.5 1.9541546487980126 0.5 1.9072589929282415 0.5 1.1687671326342928 0.5 1.606151245803325 0.5 1.2990066536382905 0.5 1.2386908988650704 0.5 1.7121825609167085 0.5 1.3870813045256776 0.5 1.3042154271158184 0.5 1.5360598145103856 0.5 1.455080169649603 0.5 1.8062306774083634 0.5 1.709253608809591 0.5 1.5698096694222068 0.5 1.9511477770391674 0.5
271.5473789302978 0.5 1.2074363139816957 0.5 1.8306861780888772 0.5 1.541603355976985 0.5 1.1967617328166562 0.5 1.434447027915478 0.5 1.5657945101952646 0.5 1.8954943485389657 0.5 1.611977441876566 0.5 1.5021786436318354 0.5 1.1548036653541247 0.5 1.4699558966263109 0.5 1.1677358634374386 0.5 1.4430516419011066 0.5 1.5727366595355807 0.5 1.1545928595194979 0.5 1.7001419073448778 0.5 1.1850099127644058 0.5 1.1105773482821937 0.5 1.037306947475602 0.5 1.8013795197535698 0.5 1.6405929923164253 0.5 1.5899895768936028 0.5 1.4112711718716817 0.5 1.4541447302713375 0.5 1.2802490672820552 0.5 1.3039185656469305 0.5 1.4056924743395818 0.5 1.2684958010250906 0.5 1.7639818194046124 0.5 1.4753929094581761 0.5 1.1340340005621217 0.5 1.7333570838512178 0.5 1.9410759332583427 0.5 1.108330553194873 0.5 1.176167212744965 0.5 1.7569183847949414 0.5 1.1645799457735375 0.5 1.1768142143412377 0.5 1.2558093444825515 0.5 1.9178548298516171 0.5 1.6225538264817585 0.5 1.5179840433263747 0.5 1.5819813676779115 0.5 1.7686416924766908 0.5 1.602678810379305 0.5 1.4238417123580849 0.5 1.767152980528215 0.5 1.160693300386674 0.5 1.4710652369631847 0.5 1.23787428431622 0.5 1.713504693999512 0.5 1.2847180673560978 0.5 1.2352694307625618 0.5 1.7120600004373574 0.5 1.3996656635421831 0.5 1.1293887705356251 0.5 1.364158944844276 0.5 1.1598850257109288 0.5 1.3616141960427643 0.5 1.6774810431275373 0.5 1.190436787846299 0.5 1.328073249187341 0.5 1.5193702826971718 0.5 1.9573482965226519 0.5 1.4952540089300308 0.5 1.4915400823445994 0.5 1.8971259708416888 0.5 1.1976601398623925 0.5 1.3334787449805872 0.5 1.4246697107074533 0.5 1.5125202309151096 0.5 1.8605554722090214 0.5 1.7061606354690055 0.5 1.7539255193291954 0.5 1.574845312556775 0.5 1.588745381201077 0.5 1.7803340567956143 0.5 1.186330845532968 0.5 1.0847703963839392 0.5 1.5799090647781178 0.5 1.6616986941562382 0.5 1.6049879629148733 0.5 1.385940089244741 0.5 1.1479550452968437 0.5 1.0421092903786282 0.5 1.0079678972706527 0.5 1.1781160638083734 0.5 1.7670199349961666 0.5 1.3428111973366552 0.5 1.9866868764016172 0.5 1.3936395221394733 0.5 1.0936721104690135 0.5
284.7019850100959 0.5 1.2935873283634318 0.5 1.0798943216266705 0.5 1.0005738997106004 0.5 1.0484805762243807 0.5 1.879544746358476 0.5 1.7115687389356071 0.5 1.128831441612886 0.5 1.9077864039070302 0.5 1.843276398161875 0.5 1.0451697482455975 0.5 1.8026688785491507 0.5 1.7946522858399683 0.5 1.6156877629196056 0.5 1.7038986807470045 0.5 1.0723359417292162 0.5 1.7835736875061694 0.5 1.6798834835575671 0.5 1.7765743599437256 0.5 1.6321065285215015 0.5 1.8925954884712777 0.5 1.4917989395312818 0.5 1.9485789828599338 0.5 1.5633683659112214 0.5 1.3490617076027505 0.5 1.6980433882643218 0.5 1.4274332281324944 0.5 1.2875953778051854 0.5 1.439692567212088 0.5 1.2263691196679107 0.5 1.7193905868227035 0.5 1.2460881470275322 0.5 1.3813144363346699 0.5 1.750262392428393 0.5 1.3440196833355058 0.5 1.836084074973635 0.5 1.9697383443376726 0.5 1.3596395073766305 0.5 1.3326271311026565 0.5 1.4368000380073878 0.5 1.091299934983713 0.5 1.459932208099846 0.5 1.9456749298756697 0.5 1.1034017730911665 0.5 1.577505285631596 0.5 1.6902601135873705 0.5 1.122383770872919 0.5 1.0316354335186084 0.5 1.6495513091937162 0.5 1.5009459682591402 0.5 1.735498318447704 0.5 1.1677432090695958 0.5 1.7133005821047254 0.5 1.714459216233563 0.5 1.3443360213563331 0.5 1.6538295720389364 0.5 1.3019909183547616 0.5 1.1276946210538756 0.5 1.0595051627909249 0.5 1.1032645080547754 0.5 1.808445715388192 0.5 1.8600340712008099 0.5 1.4301055801768392 0.5 1.6722409852352669 0.5 1.9912442705292368 0.5 1.1883303261122329 0.5 1.2053982595157242 0.5 1.2261929577336352 0.5 1.6890066639256653 0.5 1.7586865236924722 0.5 1.5730705783285408 0.5 1.0120472159609062 0.5 1.4618858421042173 0.5 1.3690992017052444 0.5 1.8399289914899688 0.5 1.3640523417701744 0.5 1.6582904418848825 0.5 1.2818674155885725 0.5 1.2658794917342342 0.5 1.9484153170437692 0.5 1.9082531866702312 0.5 1.411560025844817 0.5 1.503746154006791 0.5 1.5251602187919007 0.5 1.9707619825130274 0.5 1.591087447639993 0.5 1.351384040083846 0.5 1.8103950622693712 0.5 1.5092364107222815 0.5 1.7290210892063576 0.5 1.4146632864610795 0.5 1.077978292488319 0.5 1.8787979428903498 0.5 1.4140599857110052 0.5 1.5377676343697722 0.5 1.8654086031566042 0.5 1.069460360736085 0.5 1.7093180383686688 0.5 1.4744739858904303 0.5 1.144045644469796 0.5 1.26464850183266 0.5 1.1526938506821915 0.5 1.654172912182105 0.5 1.2360898772744373 0.5 1.5835004111828825 0.5 1.7108739001359163 0.5 1.0535602107651147 0.5 1.5304477734296138 0.5 1.8220659385875972 0.5 1.0796944962121877 0.5 1.6700166179508078 0.5 1.9053030738763548 0.5 1.7100259019247952 0.5 1.9313966035686767 0.5
311.54639050982473 0.5 1.5878963616008908 0.5 1.9930056593203562 0.5 1.1125945039101484 0.5 1.2021385989675455 0.5 1.2124309938804405 0.5 1.4586567525416068 0.5 1.2215763421256123 0.5 1.6044876584755672 0.5 1.8754459296432895 0.5 1.856192530130658 0.5 1.659927768674271 0.5 1.5871042354932905 0.5 1.594090622384976 0.5 1.54294878354046 0.5 1.5460400393616778 0.5 1.3126924886624396 0.5 1.8377538352076794 0.5 1.3115108108924902 0.5 1.0775117177446873 0.5 1.3378656479974977 0.5 1.1408843855034705 0.5 1.175585808335644 0.5 1.1829179843033122 0.5 1.3679267689381271 0.5 1.0872575786051026 0.5 1.067264051761537 0.5 1.8181181300524254 0.5 1.6566853566988728 0.5 1.5280381913414707 0.5 1.6450686980080245 0.5 1.660376484799508 0.5 1.3770383076420107 0.5 1.8544192477476327 0.5 1.9467057291156675 0.5 1.0712670620143716 0.5 1.1080950692057674 0.5 1.1098541994792277 0.5 1.2248032772084336 0.5 1.1554114436262193 0.5 1.888738742565864 0.5 1.1978237450129952 0.5 1.8981630455231058 0.5 1.8510000107178688 0.5 1.8659127175927388 0.5 1.3418030378088455 0.5 1.3473459968250179 0.5 1.9250753791480988 0.5 1.0966794946301222 0.5 1.7692629227396384 0.5 1.842217349840766 0.5 1.9027773880235106 0.5 1.1815158083855954 0.5 1.7008479309213385 0.5 1.516830480434641 0.5 1.6465635238062135 0.5 1.2445052086577792 0.5 1.561421534304528 0.5 1.5375980604925092 0.5 1.9605210763919336 0.5 1.8624355636691055 0.5 1.3009267698329587 0.5 1.221386338283192 0.5 1.0652788674691571 0.5 1.9636839711139944 0.5 1.6733504141548448 0.5 1.1034969128889367 0.5 1.7739417440936882 0.5 1.9251925046048788 0.5 1.2824747040485875 0.5 1.7863690794053753 0.5 1.2655938581591255 0.5 1.0616386556216295 0.5 1.6810478374530389 0.5 1.1635874724520354 0.5 1.9423991443782231 0.5 1.3142247412008108 0.5 1.4420543839944329 0.5 1.6753909854715967 0.5 1.5780981802408083 0.5 1.3213107874328625 0.5 1.3112740331755919 0.5 1.9787655098605028 0.5 1.0805714369075585 0.5
311.615095432826 0.5 1.3683962557683889 0.5 1.7704130212295497 0.5 1.479766446963454 0.5 1.0755631724655492 0.5 1.4681576097055065 0.5 1.345983872818035 0.5 1.4514971649962676 0.5 1.9606588380909653 0.5 1.0895112651448462 0.5 1.1853124590320978 0.5 1.5487775364485645 0.5 1.9940531150586323 0.5 1.562181140898387 0.5 1.3131471652838647 0.5 1.157475134577203 0.5 1.1295373316576696 0.5 1.8557506303056026 0.5 1.1369995755982327 0.5 1.5105921385014858 0.5 1.4749129951626485 0.5 1.3906003382086203 0.5 1.2988875172607472 0.5 1.5236856293216485 0.5 1.987133114446177 0.5 1.3880013642398477 0.5 1.5825070035611186 0.5 1.6596695954626814 0.5 1.9900957319112358 0.5 1.5390632150406085 0.5 1.2460035879424964 0.5 1.7189423239157358 0.5 1.8944975746726844 0.5 1.7826985494856904 0.5 1.1123560878207224 0.5 1.9802255207786343 0.5 1.0898314861993574 0.5 1.9550449780428316 0.5 1.9628207555770891 0.5 1.864833476842816 0.5 1.3135559634848097 0.5 1.3058362202018883 0.5 1.8181484071189244 0.5 1.2526283099869224 0.5 1.261237607572345 0.5 1.2846676945731557 0.5 1.453266687634022 0.5 1.8184193188671438 0.5 1.0295900067492416 0.5 1.4110128099324983 0.5 1.6247390107572934 0.5 1.9418637654858593 0.5 1.68604533457512 0.5 1.750207917583107 0.5 1.7741053819543873 0.5 1.3622986318348724 0.5 1.234313582460615 0.5 1.0362629366101372 0.5 1.4125999785941068 0.5 1.153741492059007 0.5 1.6346849602922466 0.5 1.1426418457007408 0.5 1.3858169553897781 0.5 1.7818330902021553 0.5 1.7815553144582048 0.5 1.1089268861591512 0.5 1.4341043152118338 0.5 1.9340797996141377 0.5 1.614688333089168 0.5 1.5806859144961902 0.5 1.6773278249099812 0.5 1.1091988064837408 0.5 1.5564301507058178 0.5 1.042838590269877 0.5 1.53432064792988 0.5 1.4373331808125407 0.5 1.9686312192889037 0.5 1.5497724401550377 0.5 1.9626901878164156 0.5 1.5454686932094202 0.5 1.8790129508247442 0.5 1.0554209003716188 0.5 1.7862629861320882 0.5 1.5590443892654016 0.5 1.644532351054602 0.5 1.5745000873136368 0.5 1.3394431260460649 0.5 1.0548763318525074 0.5 1.1177192926718142 0.5 1.6512679530500245 0.5 1.6330039625466255 0.5 1.0281550431001953 0.5 1.3166226316232068 0.5
314.6705561442195 0.5 1.6494998145184003 0.5 1.831795774163079 0.5 1.0217789784877573 0.5 1.4578217010847787 0.5 1.6512228116076282 0.5 1.6485018066457828 0.5 1.0231334420110894 0.5 1.6949799148170261 0.5 1.8518692869738147 0.5 1.3115481000048672 0.5 1.6421887953482703 0.5 1.7623469631073356 0.5 1.2901874009267562 0.5 1.7919217006384118 0.5 1.7305761042741437 0.5 1.4000589913645485 0.5 1.2533071569375436 0.5 1.055237543379869 0.5 1.4041035734856244 0.5 1.591975228198995 0.5 1.8642322542640435 0.5 1.4266841916083246 0.5 1.0549354796118324 0.5 1.1676285581337094 0.5 1.1799908199775393 0.5 1.3169080013420689 0.5 1.7307038830873211 0.5 1.9990809998746473 0.5 1.6732725048062451 0.5 1.7013329031309457 0.5 1.4951857882241981 0.5 1.8985419071224268 0.5 1.4723271030336256 0.5 1.0658810636183613 0.5 1.9283812207592135 0.5 1.7115740628592433 0.5 1.8485182341525552 0.5 1.5241185507063226 0.5 1.558494520327256 0.5 1.2314731620068622 0.5 1.178535812529026 0.5 1.2685111250445424 0.5 1.4366451177457664 0.5 1.3253168631804333 0.5 1.718360877832959 0.5 1.8437212787699009 0.5 1.229425450595609 0.5 1.5244269789253302 0.5 1.9044851918602408 0.5 1.5273161212962545 0.5 1.588682527519729 0.5 1.2916626210366822 0.5 1.7417824371574433 0.5 1.1116365973050641 0.5 1.121227170805092 0.5 1.5748339844924275 0.5 1.5255143761320973 0.5 1.7690198205631833 0.5 1.9569893092031176 0.5 1.2083630589727137 0.5 1.0247930983637663 0.5 1.9584556587840942 0.5 1.8517983820288784 0.5 1.547152251956749 0.5 1.3809660196591294 0.5 1.94163084169971 0.5 1.7313841657742657 0.5 1.774685233147002 0.5 1.28038617024859 0.5 1.9909748206507087 0.5 1.7018420757329684 0.5 1.9867079800308483 0.5 1.0337212859744898 0.5 1.6690127104012222 0.5 1.9765881151362406 0.5 1.259771931708894 0.5 1.2097126665661784 0.5 1.7237612845810588 0.5 1.7285598617750588 0.5 1.458380439108349 0.5 1.1975544388690182 0.5 1.3544495109606811 0.5 1.2821147250849134 0.5 1.4685614790063397 0.5 1.1883906078974795 0.5 1.663489912303985 0.5 1.6729208485578382 0.5 1.1076916960234449 0.5 1.2437216122279513 0.5 1.2392552874326737 0.5 1.806700746111362 0.5 1.8875818980505437 0.5 1.118350164644345 0.5 1.4750820604536368 0.5 1.9837934116040303 0.5 1.7216244546317885 0.5 1.3843480815829285 0.5 1.5188645128795675 0.5 1.5452641184623481 0.5 1.9824024337533737 0.5
317.4067571025333 0.5 1.4456812050934422 0.5 1.9825925682885084 0.5 1.1804953990099118 0.5 1.1409305322682957 0.5 1.5216919695463085 0.5 1.1452421867483216 0.5 1.9745676246416655 0.5 1.6134484400550981 0.5 1.9491611113223914 0.5 1.165995220289025 0.5 1.8301458501829555 0.5 1.9464459778613876 0.5 1.06837296873658 0.5 1.097080365099369 0.5 1.1659869674942818 0.5 1.087665535335306 0.5 1.2848669425192902 0.5 1.525795446706201 0.5 1.458707747773905 0.5 1.3432950416360514 0.5 1.5573290079193478 0.5 1.8990402142402045 0.5 1.9683080276566551 0.5 1.884759426930998 0.5 1.0723694553543903 0.5 1.9987397293682596 0.5 1.436049914044374 0.5 1.4140266799355186 0.5 1.928047671288451 0.5 1.7057593249804925 0.5 1.635231986440885 0.5 1.6530114981126958 0.5 1.211427913273615 0.5 1.945222182842787 0.5 1.324086841069954 0.5 1.8674813208437873 0.5 1.9945189946359825 0.5 1.254987171823432 0.5 1.1965276613692106 0.5 1.877738487328667 0.5 1.5827156906382496 0.5 1.298187553143603 0.5 1.7090417298901004 0.5 1.7485646408300715 0.5 1.8309806786566076 0.5 1.872988385872839 0.5 1.4813008112552182 0.5 1.8102216468533265 0.5 1.21786572425615 0.5 1.4345953741430786 0.5 1.800723051856609 0.5 1.3713912490102356 0.5 1.3373067685141793 0.5 1.31956474665584 0.5 1.233942452186076 0.5 1.6449695500649733 0.5 1.642474053575224 0.5 1.3502314235522153 0.5 1.1274649918525697 0.5 1.5441311036011558 0.5 1.139985853782981 0.5 1.8346182814418004 0.5 1.925479865684375 0.5 1.2366744435098154 0.5 1.523713775361515 0.5 1.139283962307021 0.5 1.1173786202761447 0.5 1.2980541018454441 0.5 1.3117099930163745 0.5 1.4289536303057573 0.5 1.1098561818147452 0.5 1.3090292397853667 0.5 1.6659102380563526 0.5 1.5251697663163304 0.5 1.7831737817106303 0.5 1.175789557920869 0.5 1.0618392492347932 0.5 1.985753734133724 0.5 1.6029814569657062 0.5 1.2515052042608303 0.5 1.3264185958099048 0.5 1.91936448788189 0.5 1.91109147997401 0.5 1.9676989510541538 0.5 1.3107547880329469 0.5 1.8071326464633946 0.5 1.271089784567982 0.5 1.2419346698948188 0.5 1.6376038764670064 0.5 1.8621368902038533 0.5 1.523886113751428 0.5 1.169071011078361 0.5 1.138554394513303 0.5 1.7622346368367279 0.5 1.156718938311819 0.5 1.0876573591173644 0.5 1.7653407478942502 0.5 1.5566406917108657 0.5 1.38546192398298 0.5 1.053297253099591 0.5 1.3997424516035584 0.5 1.5983069643851109 0.5
324.7185037226431 0.5 1.7161508019246114 0.5 1.6405076684448232 0.5 1.7252829329975912 0.5 1.0663032419749077 0.5 1.1020637534197273 0.5 1.3461754830689547 0.5 1.7976681806616077 0.5 1.7987539747460466 0.5 1.0755511417168233 0.5 1.4977130437513277 0.5 1.126404134054885 0.5 1.2874987692373026 0.5 1.6475339066139676 0.5 1.407072191102107 0.5 1.3241036358693021 0.5 1.4514078240482697 0.5 1.8908842697175263 0.5 1.4350038473141273 0.5 1.6703307825444462 0.5 1.2852272153866242 0.5 1.2814166225758483 0.5 1.543007921021577 0.5 1.184592897684105 0.5 1.7380304221712302 0.5 1.7043247919319782 0.5 1.4600893019400387 0.5 1.8272821911845847 0.5 1.4770669790927924 0.5 1.1408207487933404 0.5 1.183775411212106 0.5 1.3625268240240371 0.5 1.2624163552212262 0.5 1.2460215516358963 0.5 1.089336405010877 0.5 1.8464461480532033 0.5 1.5186305844753591 0.5 1.7926445439364196 0.5 1.3817264667765041 0.5 1.398785982766642 0.5 1.41903950319653 0.5 1.8292439080860377 0.5 1.7472690669176436 0.5 1.3536082307506803 0.5 1.3624954069826867 0.5 1.6619012276208835 0.5 1.9710583302509939 0.5 1.2746127119572477 0.5 1.846814001319203 0.5 1.11537092514445 0.5 1.0148561658135808 0.5 1.3131860492082135 0.5 1.4230948962403298 0.5 1.0391300473206848 0.5 1.3554610871432544 0.5 1.4968610569410283 0.5 1.5219750814983415 0.5 1.7574922196169354 0.5 1.5013408029305002 0.5 1.940530005325655 0.5 1.2584325657436888 0.5 1.4095781795350815 0.5 1.058752262945641 0.5 1.1386764085093781 0.5 1.449793517215884 0.5 1.971100714465904 0.5 1.2092831799523625 0.5 1.2654537635509873 0.5 1.5295776286647578 0.5 1.2923155555252976 0.5 1.8749288247565155 0.5 1.3864759656006242 0.5 1.1383609084998887 0.5 1.8112504116842154 0.5 1.1346561781341813 0.5 1.6296643662735593 0.5 1.9320392534727164 0.5 1.80498606837807 0.5 1.7771572037021057 0.5 1.312385827180572 0.5 1.1008802273815257 0.5 1.1714205070933454 0.5 1.0216274429092056 0.5 1.7863046452041487 0.5 1.5628503865404264 0.5 1.3239871171457755 0.5 1.0266703115416251 0.5 1.2646021231136317 0.5 1.7803553906770337 0.5 1.1365591181798198 0.5 1.8015860210282133 0.5 1.2731814110783115 0.5 1.7401034351499758 0.5 1.0013001161623944 0.5 1.410524760317374 0.5 1.0352415280820633 0.5 1.8070675991417295 0.5 1.802187292786591 0.5 1.0151964843404429 0.5 1.357915647619763 0.5 1.7279906875735098 0.5 1.2390140460731813 0.5 1.3695110232299692 0.5 1.6952229925472275 0.5 1.7811013315088846 0.5 1.986217468350797 0.5 1.8507256126103573 0.5 1.6650102904792525 0.5 1.8368784370182278 0.5
356.5413469418447 0.5 1.8692055161623737 0.5 1.6578581761435989 0.5 1.3334028998174936 0.5 1.7239394434850772 0.5 1.1653875206741495 0.5 1.246678838302578 0.5 1.7740196283638867 0.5 1.0864944134933205 0.5 1.4341321356459233 0.5 1.665760862069123 0.5 1.1409819167915343 0.5 1.3710719469951886 0.5 1.566182577583013 0.5 1.307434497268157 0.5 1.1939687519155684 0.5 1.580434655719313 0.5 1.8505906420745122 0.5 1.1535987241894246 0.5 1.710001323318099 0.5 1.4185087521771358 0.5 1.114599857422136 0.5 1.6196162395557527 0.5 1.038761091398137 0.5 1.187810989833844 0.5 1.845280501941673 0.5 1.0908219568578548 0.5 1.4223775704647719 0.5 1.7226510774000616 0.5 1.5063962882582487 0.5 1.0496357170832369 0.5 1.206157912313767 0.5 1.5618409147340926 0.5 1.0128156916756454 0.5 1.925348922636764 0.5 1.48397460173272 0.5 1.4364791689545044 0.5 1.0266245977859736 0.5 1.5851935256234857 0.5 1.2145997408546725 0.5 1.7875535712401471 0.5 1.1813701194379866 0.5 1.0614913752050592 0.5 1.9103192251561756 0.5 1.8571753651527274 0.5 1.0464846766734106 0.5 1.1840741765199179 0.5 1.3824925889892496 0.5 1.3697824788847646 0.5 1.729182603736314 0.5 1.4542884177807955 0.5 1.1165119652897788 0.5 1.6266028126494698 0.5 1.2209791015004945 0.5 1.4129372214315696 0.5 1.0858691992275342 0.5 1.0080366043757918 0.5 1.9402292988184078 0.5 1.45060476441957 0.5 1.7379705610109561 0.5 1.2413062284994467 0.5 1.8463980836378702 0.5 1.4816878350310891 0.5 1.0542186493263603 0.5 1.0220607968154163 0.5 1.8725237381390942 0.5 1.6305043146385123 0.5 1.4787482172929756 0.5 1.6727232672454249 0.5 1.2324856324269395 0.5 1.629451355330291 0.5 1.3856155424243815 0.5 1.5536934476440074 0.5 1.9037123928372666 0.5 1.7531836980676379 0.5 1.1660662784310225 0.5 1.9764845637138222 0.5 1.0334151938587088 0.5 1.254190607015969 0.5 1.871218524360633 0.5 1.5212145066492464 0.5 1.5599109983415802 0.5 1.2097449566670597 0.5 1.5897483716909542 0.5 1.0290801465416655 0.5 1.3931740287963488 0.5 1.8552866486251482 0.5 1.9301286655989447 0.5 1.0984942108120852 0.5 1.1890757627560384 0.5 1.7630282910166901 0.5 1.7681397549495879 0.5 1.7655562373972027 0.5 1.8181317799272427 0.5 1.8868181306858613 0.5 1.0669087118594451 0.5 1.663591648459254 0.5 1.873562089265282 0.5 1.9989587913359346 0.5 1.2593224213110168 0.5 1.251352545057915 0.5 1.778324001575283 0.5 1.823819315670538 0.5 1.630088357111821 0.5 1.341931532629574 0.5 1.9940840790332577 0.5 1.3969987165284121 0.5 1.4308608315990128 0.5 1.954919671926226 0.5
356.9173834591404 0.5 1.7694337015545036 0.5 1.3656704969784434 0.5 1.692881441993971 0.5 1.1155159101281904 0.5 1.7217667433444097 0.5 1.7954426722345143 0.5 1.609191672561486 0.5 1.348666026901293 0.5 1.525833590221838 0.5 1.0604353192749918 0.5 1.1791570363919766 0.5 1.417292642957046 0.5 1.3393263280559107 0.5 1.3099956177279037 0.5 1.7588272612495248 0.5 1.870653084871829 0.5 1.1360506350271282 0.5 1.8854684773186905 0.5 1.925244848526896 0.5 1.5766800321158814 0.5 1.8756105613005383 0.5 1.2140682211919078 0.5 1.1484646967979368 0.5 1.5468622942379882 0.5 1.0838783016489104 0.5 1.4085156662896234 0.5 1.0999076475609586 0.5 1.4719339122336748 0.5 1.3263226532964953 0.5 1.9951639381352517 0.5 1.038256325213793 0.5 1.9887886588440322 0.5 1.3152675706598953 0.5 1.636964363144977 0.5 1.6628408587711632 0.5 1.3331300869913876 0.5 1.12178348810828 0.5 1.5509870202542877 0.5 1.530001135701109 0.5 1.7457423585739038 0.5 1.7253533736280673 0.5 1.4445780259539815 0.5 1.858731155408834 0.5 1.2325763304599602 0.5 1.034538554963885 0.5 1.175985535407114 0.5 1.344511595009231 0.5 1.6362121201758648 0.5 1.1401043510882127 0.5 1.8920991106355547 0.5 1.9093892678471636 0.5 1.1847784313646375 0.5 1.4274519847384075 0.5 1.6405048520878065 0.5 1.2687617661065806 0.5 1.302912849496017 0.5 1.726449321283246 0.5 1.7684915252802358 0.5 1.3717744233917581 0.5 1.4233121328215483 0.5 1.7057971745705274 0.5 1.717348554180672 0.5 1.4296502401706261 0.5 1.493908778455543 0.5 1.0204939619781608 0.5 1.405859143785949 0.5 1.3807944329579753 0.5 1.6076338216581099 0.5 1.4479605719432351 0.5 1.3531637658683282 0.5 1.1290844496110846 0.5 1.3586142657922025 0.5 1.6681171067246798 0.5 1.1855524337671461 0.5 1.9396188298458443 0.5 1.011202981772883 0.5 1.3031890614852006 0.5 1.097556001291788 0.5 1.6266973604897017 0.5 1.7846492426008125 0.5 1.7453722536450975 0.5 1.7955941444215417 0.5 1.4423536270208555 0.5 1.736938472946422 0.5 1.9039529228946015 0.5 1.2516815828270267 0.5 1.5161747621838317 0.5 1.415916523229211 0.5 1.139232351416342 0.5 1.0735875448771766 0.5 1.6722481476167603 0.5 1.1402518682095777 0.5 1.0758596785364487 0.5 1.9329856402139494 0.5 1.9155399579987922 0.5 1.24328164179539 0.5 1.7303361978237475 0.5 1.2077272130309151 0.5 1.1555538036631479 0.5 1.6450394431754005 0.5 1.5072471001921082 0.5
359.7201633540464 0.5 1.8218241631911367 0.5 1.417557628365356 0.5 1.3423773191939485 0.5 1.3359694293742501 0.5 1.6996141588250304 0.5 1.687080144294019 0.5 1.007734182593797 0.5 1.8288590072869733 0.5 1.7054896390498056 0.5 1.666684614435533 0.5 1.7431944342039096 0.5 1.035284015339689 0.5 1.4072109701972673 0.5 1.3160643617077752 0.5 1.7345197912482466 0.5 1.5966453292392733 0.5 1.3973644287593703 0.5 1.713375204342241 0.5 1.306742873418528 0.5 1.425549923820405 0.5 1.6590122431186796 0.5 1.0491218532771207 0.5 1.4912518823153988 0.5 1.8989083022501645 0.5 1.0866145837894194 0.5 1.3861840956623417 0.5 1.8294690886587022 0.5 1.3003348985160184 0.5 1.3159525872219444 0.5 1.3752278977959143 0.5 1.575922288579737 0.5 1.9000060389836588 0.5 1.846851538972058 0.5 1.0044652820064397 0.5 1.0610763193449178 0.5 1.5223941729873376 0.5 1.6523383119274406 0.5 1.353286474210084 0.5 1.7058469024541703 0.5 1.9978052213319062 0.5 1.0642781840918754 0.5 1.4725551604322988 0.5 1.4226975929820278 0.5 1.4657789353454205 0.5 1.6804697562796163 0.5 1.8378982785407647 0.5 1.5532739291542332 0.5 1.458377626141719 0.5 1.1653464091230852 0.5 1.3096502257629066 0.5 1.43110143057371 0.5 1.3898550338493318 0.5 1.4263562835072077 0.5 1.5815406170271387 0.5 1.2437629918933903 0.5 1.559346461881963 0.5 1.9139336686628186 0.5 1.9719092582895024 0.5 1.8015415844981424 0.5 1.778353774687594 0.5 1.8352718260130123 0.5 1.042330118509089 0.5 1.1205269276962508 0.5 1.2033963979820368 0.5 1.5485283264640035 0.5 1.8002667216467327 0.5 1.1008318092628306 0.5 1.4845552187344666 0.5 1.7102952183731235 0.5 1.7284267176981878 0.5 1.013288732070909 0.5 1.3007022207752175 0.5 1.4967642789498217 0.5 1.5831722003290323 0.5 1.3736995307967916 0.5 1.4484811186674995 0.5 1.861380608778361 0.5 1.5654838315102024 0.5 1.1615594462055747 0.5 1.9845563764981367 0.5 1.375798341052789 0.5 1.2572047019170616 0.5 1.6832646467614545 0.5 1.5726515309505795 0.5 1.3148046349996738 0.5 1.6097200142091044 0.5 1.9040873737050823 0.5 1.7755389213975 0.5 1.3682753718789435 0.5 1.7333550437877117 0.5 1.4949154141534395 0.5 1.5063273578224483 0.5 1.4400092362242134 0.5 1.597849481216368 0.5 1.2031687002736322 0.5 1.4732910708407911 0.5 1.3618126393259267 0.5
377.90965586666016 0.5 1.4203912448091003 0.5 1.545920508218901 0.5 1.7810410571326403 0.5 1.864895571045386 0.5 1.050316403124008 0.5 1.0622833003395145 0.5 1.8643767993500675 0.5 1.961878963255964 0.5 1.4357940734449017 0.5 1.573764699520428 0.5 1.5464290299377499 0.5 1.9994566209001516 0.5 1.1303178552793205 0.5 1.7227494816832025 0.5 1.9886416312688664 0.5 1.1209938315241488 0.5 1.454026846083567 0.5 1.0492501214226069 0.5 1.9431689056079873 0.5 1.8249220550434782 0.5 1.526736354128536 0.5 1.92619036407066 0.5 1.4010393238559233 0.5 1.0297881170596082 0.5 1.9556795045188717 0.5 1.2362261467182778 0.5 1.8256769653124127 0.5 1.142129821578294 0.5 1.7488346558227925 0.5 1.4623535157957361 0.5 1.497103134576435 0.5 1.9868898819462584 0.5 1.7835758294726776 0.5 1.980306154870513 0.5 1.2485062205584316 0.5 1.8106478242362396 0.5 1.9076821450635966 0.5 1.1780681444924657 0.5 1.2971516303197872 0.5 1.7937927322003877 0.5 1.0025944433145417 0.5 1.4868886009267501 0.5 1.7160920816514262 0.5 1.6133410733530489 0.5 1.1266390570763818 0.5 1.9595998810470414 0.5 1.3225145084354528 0.5 1.12573131269035 0.5 1.1180773764928413 0.5 1.6657148407325333 0.5 1.3637932129882628 0.5 1.0100879015117705 0.5 1.778232169700956 0.5 1.6799084745167763 0.5 1.1437129232427243 0.5 1.3921261927457462 0.5 1.1121515388967977 0.5 1.255288968275794 0.5 1.465139481840124 0.5 1.161736041623034 0.5 1.4883873904024043 0.5 1.796684612630665 0.5 1.4843115426841895 0.5 1.0187660853447063 0.5 1.139462013776717 0.5 1.34347967256492 0.5 1.7761610070971008 0.5 1.0796006419807482 0.5 1.0414136423575955 0.5 1.0511815427489122 0.5 1.3162468994731995 0.5 1.5268628078439517 0.5 1.0980347400965207 0.5 1.7515370595693578 0.5 1.3621878311447198 0.5 1.9515783700775482 0.5 1.819235893987301 0.5 1.2633821614741678 0.5 1.5868145102275513 0.5 1.1738296408674382 0.5 1.6150523675425803 0.5 1.8493309292087359 0.5 1.2150946789444135 0.5 1.318297705288162 0.5 1.6790859560595375 0.5 1.5389052674020318 0.5 1.7052281531964466 0.5 1.337326351974771 0.5 1.6425579653456879 0.5 1.6044458527896375 0.5 1.8782158615265625 0.5 1.2885802083315954 0.5 1.3920052746307268 0.5 1.1933779151238235 0.5
381.3307529710823 0.5 1.1426831166564635 0.5 1.5639372540697254 0.5 1.1885638987594564 0.5 1.779570470028181 0.5 1.6565469893764664 0.5 1.39963616909413 0.5 1.1405205866629158 0.5 1.1186792784144042 0.5 1.9167277739562323 0.5 1.5020094569853932 0.5 1.8477209098638054 0.5 1.47406539518157 0.5 1.4839755818300175 0.5 1.897795326741031 0.5 1.917618079037594 0.5 1.0993793841512192 0.5 1.0600543807954736 0.5 1.6223244618999477 0.5 1.5076727045041052 0.5 1.0065419570427099 0.5 1.5449843909058476 0.5 1.6929190184915357 0.5 1.4663008368171875 0.5 1.2557996036710022 0.5 1.1146236241443905 0.5 1.0774613948512008 0.5 1.7926260597736352 0.5 1.915509127999643 0.5 1.6002336841840523 0.5 1.8104584511888575 0.5 1.8514502257112766 0.5 1.833385130002191 0.5 1.2805607437048603 0.5 1.457055946536976 0.5 1.7002138604308101 0.5 1.7427478349075878 0.5 1.6463565890928982 0.5 1.5381891025480496 0.5 1.3603120745043875 0.5 1.1244959505355547 0.5 1.1855204338867222 0.5 1.3569359517501458 0.5 1.1673688201924268 0.5 1.4820798049294868 0.5 1.8055170549867179 0.5 1.3344001392592664 0.5 1.2624234358367932 0.5 1.810041535589752 0.5 1.170447065532355 0.5 1.6549828929509747 0.5 1.1345561592591087 0.5 1.3673722206556649 0.5 1.6028619158997652 0.5 1.361496995456676 0.5 1.5320890106730778 0.5 1.0354728192355633 0.5 1.4865472875461405 0.5 1.0032034515571144 0.5 1.4195964934857388 0.5 1.4949960763882755 0.5 1.2111639404282202 0.5 1.2929376837892486 0.5 1.9465149052280668 0.5 1.44409847647026 0.5 1.7140183503870925 0.5 1.1045624082599228 0.5 1.6310156853727356 0.5 1.242769353884673 0.5 1.1316424145673678 0.5 1.2406582208777954 0.5 1.7115917367791535 0.5 1.0180024537448604 0.5 1.402236364441166 0.5 1.221382404537577 0.5 1.6069623862665543 0.5 1.4307230561020785 0.5 1.4658949699275892 0.5 1.3263486449796664 0.5 1.7863669557188182 0.5 1.135869165569579 0.5 1.3125358581847326 0.5 1.282639812891712 0.5 1.070780235586079 0.5 1.0265466314747793 0.5 1.2963842651985367 0.5 1.8069053675886075 0.5 1.7793930904068231 0.5 1.5169390823438982 0.5 1.5182328134008278 0.5 1.8775706818897 0.5 1.1959698393600493 0.5 1.8997872223843542 0.5 1.9768531089713521 0.5 1.515196349540371 0.5 1.4071705098171967 0.5 1.6944971450990778 0.5 1.3549741173564231 0.5 1.8170556497758008 0.5 1.90187685985022 0.5 1.4527371268462232 0.5 1.3839198116537452 0.5 1.3637882821658271 0.5 1.9046971835530397 0.5 1.6018470439013583 0.5 1.2628724942119978 0.5 1.9359258856887633 0.5 1.6625551236979923 0.5 1.3645713907297123 0.5 1.4130653831135307 0.5 1.4641097241641556 0.5 1.3282500740945928 0.5 1.8339090456370686 0.5
386.6192972904872 0.5 1.4235311452829418 0.5 1.6171206516909342 0.5 1.7620837031366712 0.5 1.838795817982013 0.5 1.8126227582159002 0.5 1.8051461359640961 0.5 1.7705145596616156 0.5 1.0962635323006782 0.5 1.520951614484455 0.5 1.168117138940843 0.5 1.4533242335283103 0.5 1.832545416279674 0.5 1.4640384464525669 0.5 1.7784412124303348 0.5 1.9980529188491132 0.5 1.9243906860695543 0.5 1.894547561465401 0.5 1.452567619958197 0.5 1.1281422066838465 0.5 1.7151996895400958 0.5 1.0283176046275448 0.5 1.6544853119368663 0.5 1.6324414135454137 0.5 1.0759525943149062 0.5 1.683136978520181 0.5 1.1614435945425896 0.5 1.86382270717868 0.5 1.2219856777881084 0.5 1.710379479006006 0.5 1.1169403568094858 0.5 1.275540947992001 0.5 1.986828503916976 0.5 1.0015689202313247 0.5 1.7932624261599137 0.5 1.8606288505574344 0.5 1.98561125243873 0.5 1.736393667252102 0.5 1.3567313603436066 0.5 1.2386511017108637 0.5 1.7895782387443506 0.5 1.1380254354944577 0.5 1.9776406236664388 0.5 1.4284219171050276 0.5 1.6477598016917478 0.5 1.4793360738790595 0.5 1.5034331522354494 0.5 1.0236419534347267 0.5 1.8840069307172942 0.5 1.2644389425185651 0.5 1.860827651650271 0.5 1.2103421446946325 0.5 1.0780303187207405 0.5 1.9156844141819467 0.5 1.9504179568193147 0.5 1.3362744940256353 0.5 1.5022896925219889 0.5 1.8623440611237856 0.5 1.9868806819953424 0.5 1.3289811159619629 0.5 1.8111175092388623 0.5 1.5680822211439471 0.5 1.8441703006370789 0.5 1.249813331648818 0.5 1.122134419771805 0.5 1.3725015746636269 0.5 1.0619917490982913 0.5 1.159355358618162 0.5 1.7754746569313986 0.5 1.2147232312436835 0.5 1.4217768420755572 0.5 1.242173748118507 0.5 1.0676622610227584 0.5 1.7734753481075742 0.5 1.7372223157089675 0.5 1.536958614155512 0.5 1.4074972465637734 0.5 1.1722088508294828 0.5 1.8790167798342257 0.5 1.9772914477393786 0.5 1.019630670830689 0.5 1.1710644106220998 0.5 1.535861727860871 0.5 1.9595796956193525 0.5 1.2273037183960058 0.5 1.8379705357340657 0.5 1.1206785934738153 0.5 1.61928796825655 0.5 1.5594646780675423 0.5 1.2628143052418128 0.5 1.863463502629803 0.5 1.6906334943119745 0.5 1.5682814668198652 0.5 1.2311341168433683 0.5 1.5147439823748994 0.5 1.538934200441349 0.5 1.663805675998379 0.5 1.8097650338003484 0.5 1.7764798428453883 0.5 1.9356938543039302 0.5
392.13501886375695 0.5 1.3871959586066547 0.5 1.7494273784281522 0.5 1.5909854922614208 0.5 1.5426245294991094 0.5 1.4763400816338308 0.5 1.228116311483363 0.5 1.4773973971731649 0.5 1.0830447830678154 0.5 1.2403422568786806 0.5 1.5208529856617747 0.5 1.2526072841331735 0.5 1.964983038475412 0.5 1.2678184073334808 0.5 1.0241940530950029 0.5 1.0051707368776293 0.5 1.648410033592092 0.5 1.274285153030974 0.5 1.2948107324584646 0.5 1.1785433311893865 0.5 1.735588067875686 0.5 1.8515212054035262 0.5 1.4068908088208576 0.5 1.988913813375445 0.5 1.2385898747505761 0.5 1.060804134710144 0.5 1.634385591550405 0.5 1.8250222476295799 0.5 1.0862807807341126 0.5 1.3285271252677087 0.5 1.5133772519966393 0.5 1.8491923749024661 0.5 1.5857555184110272 0.5 1.4452281940143399 0.5 1.9319544947547231 0.5 1.9595640816872202 0.5 1.8222851224549603 0.5 1.1481970370758456 0.5 1.0485847169024742 0.5 1.05658654692161 0.5 1.7489116037973207 0.5 1.9188777861715467 0.5 1.6785416221383935 0.5 1.0225001756061882 0.5 1.7915753928092029 0.5 1.3271914089702925 0.5 1.100140473894955 0.5 1.9700856254355172 0.5 1.817338450439759 0.5 1.4169923107714084 0.5 1.9369870260327793 0.5 1.9324241891021796 0.5 1.113608334848057 0.5 1.523536712053399 0.5 1.1614570897055998 0.5 1.668597622686065 0.5 1.4022698667106313 0.5 1.6579416601133223 0.5 1.7169750409198203 0.5 1.0473363567341536 0.5 1.026711887185676 0.5 1.5531583034090872 0.5 1.3491200718858658 0.5 1.4305538501219224 0.5 1.856459623616801 0.5 1.6326524682614934 0.5 1.5792178205544412 0.5 1.7719413970139533 0.5 1.956379410466334 0.5 1.9480086782385269 0.5 1.0768081230529938 0.5 1.3986152742519544 0.5 1.841704913140283 0.5 1.6238748756595185 0.5 1.4414394756273194 0.5 1.5306171664211337 0.5 1.8650709751674166 0.5 1.9445324752613282 0.5 1.732022233168502 0.5 1.8258244745109025 0.5 1.4946003606686453 0.5 1.9227650091994102 0.5 1.0636949572692913 0.5 1.5253155176357005 0.5 1.8299488839036604 0.5 1.9219545296054479 0.5 1.5807330021822805 0.5 1.4023469272867508 0.5 1.2610288079843586 0.5 1.9799723859883516 0.5 1.640435694155896 0.5
403.2065036617974 0.5 1.881257790245205 0.5 1.296143338325201 0.5 1.8704792371614216 0.5 1.6498360865496697 0.5 1.2809150936416356 0.5 1.8002315682317236 0.5 1.4756963139412709 0.5 1.8324001930003408 0.5 1.0621309307053672 0.5 1.7371630440231192 0.5 1.098295476389269 0.5 1.5055534798619161 0.5 1.0344186964930204 0.5 1.971362351585201 0.5 1.7467741521304396 0.5 1.3356094112557697 0.5 1.5657303601184984 0.5 1.6278958762572797 0.5 1.7589580242272036 0.5 1.2445936764723966 0.5 1.5434379044422581 0.5 1.2013940919311534 0.5 1.8595193617077959 0.5 1.5937920831550283 0.5 1.4282113736494013 0.5 1.4063521441742608 0.5 1.2623043773903129 0.5 1.8197279507585709 0.5 1.0370141612498491 0.5 1.5250729357779247 0.5 1.7887837290206756 0.5 1.967454668965491 0.5 1.1901482742592187 0.5 1.3186758090838198 0.5 1.328369340469724 0.5 1.9414311412425018 0.5 1.1053180718929245 0.5 1.0637779942534802 0.5 1.569657952923162 0.5 1.2333847451061608 0.5 1.5736344526213513 0.5 1.0992570253024594 0.5 1.308301107343829 0.5 1.1613739493765207 0.5 1.8666299997587825 0.5 1.165560516885655 0.5 1.8412268369877205 0.5 1.8671665561180881 0.5 1.6097794680967235 0.5 1.869893590610622 0.5 1.5265426980402754 0.5 1.5541494136122065 0.5 1.6759658531122998 0.5 1.2559720863450887 0.5 1.373401938220435 0.5 1.8144333713052805 0.5 1.3389483093925816 0.5 1.148462223398587 0.5 1.060854151640089 0.5 1.2035378337726583 0.5 1.8680384702673969 0.5 1.0046795183928188 0.5 1.9372832245193334 0.5 1.554650457281367 0.5 1.153338588377832 0.5 1.9783538017774815 0.5 1.9803101657341087 0.5 1.9970704099408843 0.5 1.7624700404024995 0.5 1.9760545089712684 0.5 1.9291717262456967 0.5 1.2277365830880724 0.5 1.258170536344935 0.5 1.831912757209477 0.5 1.1308973664390825 0.5 1.0725087816368095 0.5 1.7316135474902479 0.5 1.8778010103359053 0.5 1.894146810767121 0.5 1.581541845431115 0.5 1.5079109985406096 0.5 1.4367348030597535 0.5 1.9927623929601883 0.5 1.2164321779378406 0.5 1.231358370291903 0.5 1.8233100161879197 0.5 1.3238518578014515 0.5 1.2966896912800103 0.5 1.596437232090555 0.5 1.592726235808274 0.5 1.9167655774069141 0.5 1.184625130534795 0.5 1.1572167460492389 0.5 1.4483123467713979 0.5 1.1687426385204416 0.5 1.3843900625408487 0.5 1.209860631746777 0.5 1.2663192540641535 0.5 1.2855693841632274 0.5 1.3195921712127174 0.5 1.2177046465274421 0.5 1.943675521364936 0.5 1.3331539121059048 0.5 1.8716280942157772 0.5 1.1662783460388095 0.5 1.495892230327537 0.5 1.3121606718360002 0.5 1.2387250120326443 0.5 1.1830435806559416 0.5 1.3549379264247228 0.5 1.9309633582082903 0.5 1.4535084771443583 0.5 1.1290739108357668 0.5 1.2547129985071437 0.5 1.3841070931756327 0.5 1.7160660200610205 0.5
429.3683701493549 0.5 1.204516817995931 0.5 1.2817238908893107 0.5 1.438919972085483 0.5 1.4679849508348344 0.5 1.6105075524141401 0.5 1.6893146872077314 0.5 1.7340221000872797 0.5 1.287836273054611 0.5 1.8656502864361624 0.5 1.1798696443734236 0.5 1.709839267535279 0.5 1.3050340799352007 0.5 1.4393999504086437 0.5 1.3136757764544487 0.5 1.3085644593554764 0.5 1.8298589007288695 0.5 1.3678020342804489 0.5 1.790265533952145 0.5 1.7687594070359074 0.5 1.3935962675002396 0.5 1.8600564714064567 0.5 1.952956386473875 0.5 1.6326696083342107 0.5 1.4783368421909402 0.5 1.592595610638485 0.5 1.4784811602690222 0.5 1.117408627794982 0.5 1.160831212990208 0.5 1.123187747231638 0.5 1.3942857707821452 0.5 1.0034316086405999 0.5 1.0342195522601956 0.5 1.924865496580784 0.5 1.7114757531374605 0.5 1.890323527661094 0.5 1.8198415082793988 0.5 1.989049975844288 0.5 1.936717263344729 0.5 1.3896788904617625 0.5 1.7173304128873927 0.5 1.9352447955918666 0.5 1.0238364859731917 0.5 1.488430139041259 0.5 1.8662171246260382 0.5 1.4666477882711093 0.5 1.7620202333984263 0.5 1.2194271559075467 0.5 1.3306644797322558 0.5 1.1567466837221656 0.5 1.2028195270796616 0.5 1.8235496328282235 0.5 1.4854149389913676 0.5 1.7713842819520313 0.5 1.3261712527603247 0.5 1.3158737659500568 0.5 1.192495461538371 0.5 1.785136444942803 0.5 1.9175813694307733 0.5 1.8072553928443074 0.5 1.6185547676500143 0.5 1.400870305788649 0.5 1.317690703338155 0.5 1.6365055206213137 0.5 1.9642009338501571 0.5 1.376612678996948 0.5 1.2646797185788707 0.5 1.059622665411916 0.5 1.329693991281757 0.5 1.8901091064045679 0.5 1.9967832795400904 0.5 1.0824852646798768 0.5 1.3168202346584077 0.5 1.5039531057443911 0.5 1.3166534294289582 0.5 1.7508268820805064 0.5 1.282424367687468 0.5 1.709478848162497 0.5 1.10582908804887 0.5 1.414057011418528 0.5 1.6910973578333492 0.5 1.7450523361949704 0.5 1.5781590748313326 0.5 1.6283948609839043 0.5 1.4569065526717584 0.5 1.1607491201075266 0.5 1.9193068050499624 0.5 1.4796848847227717 0.5 1.3818534636409816 0.5 1.8861918780724927 0.5 1.6067031145184036 0.5 1.020588361007377 0.5 1.646618355188484 0.5 1.50169294301943 0.5 1.2344837975429517 0.5 1.8940580562053495 0.5 1.395121016402853 0.5 1.9481103405952152 0.5 1.2381528762420588 0.5 1.7432495071754146 0.5 1.907673070618644 0.5 1.5267201563707524 0.5 1.0114375920500922 0.5 1.3893733674906779 0.5 1.9641065549769827 0.5 1.0630806427965735 0.5 1.0570959179507973 0.5 1.5412081278052967 0.5 1.1729430614085867 0.5 1.38492874736757 0.5 1.0004280024074852 0.5 1.5415463552888058 0.5 1.7364696116063962 0.5 1.8900199135444198 0.5 1.544765919795267 0.5 1.7150247825068903 0.5 1.8228074910730854 0.5 1.487341136272728 0.5 1.8285036127347445 0.5
432.38943926132146 0.5 1.949544070707417 0.5 1.46331487006729 0.5 1.4748116232694968 0.5 1.0252815148569097 0.5 1.4332652030793198 0.5 1.6936081564429475 0.5 1.955299822332969 0.5 1.0068939443774956 0.5 1.3731989979348334 0.5 1.9752604643924865 0.5 1.568700415157407 0.5 1.747724437241424 0.5 1.302833958010436 0.5 1.40184023753744 0.5 1.3970164000233758 0.5 1.0644579280627333 0.5 1.7497267489406294 0.5 1.9388977444874875 0.5 1.4857277595640028 0.5 1.7864449041060417 0.5 1.7772513644544803 0.5 1.5483027369575453 0.5 1.2488347280146077 0.5 1.6426007058035494 0.5 1.1870048237266118 0.5 1.150500456507025 0.5 1.1482036047225987 0.5 1.5668581167312405 0.5 1.0305293629816668 0.5 1.2653556563167978 0.5 1.1605118882760008 0.5 1.8916731596071439 0.5 1.103367753822356 0.5 1.8202942671458913 0.5 1.3011310860236398 0.5 1.3040573231298112 0.5 1.287260422862474 0.5 1.6975538471800156 0.5 1.606140199249913 0.5 1.5490373407491942 0.5 1.8645887434404433 0.5 1.8172750060548426 0.5 1.535765348684258 0.5 1.3395272825175852 0.5 1.4884066466372854 0.5 1.7707419878219248 0.5 1.0204129893925504 0.5 1.0144505010918 0.5 1.5254100774280392 0.5 1.3078488139161053 0.5 1.3472734615733892 0.5 1.197781176179085 0.5 1.6222704408231552 0.5 1.8642410136661367 0.5 1.2481842497902227 0.5 1.2184641490142722 0.5 1.201821969094976 0.5 1.469307678290002 0.5 1.8172799783951452 0.5 1.4792108915611242 0.5 1.3916981298380016 0.5 1.2239543016929049 0.5 1.368290261335208 0.5 1.1233322269879644 0.5 1.6516703096409118 0.5 1.016429357510056 0.5 1.6039968147834403 0.5 1.6691060509252358 0.5 1.7063403539147157 0.5 1.6596098094334004 0.5 1.2073860443942068 0.5 1.0281056437667526 0.5 1.757851387206299 0.5 1.119645541007979 0.5 1.2486051885731442 0.5 1.057673625772527 0.5 1.7302692499829988 0.5 1.782858960750864 0.5 1.1955239078706135 0.5 1.0136134430553345 0.5 1.1386385416402094 0.5 1.0372809412675952 0.5 1.5800381025020975 0.5 1.8696102366982026 0.5 1.5556144543494508 0.5 1.947693350765306 0.5 1.708546251768707 0.5 1.9750414545576251 0.5 1.449355790238282 0.5 1.5583657161882003 0.5 1.901117918703786 0.5 1.2521589553739956 0.5 1.3994071648734665 0.5 1.2694120905586725 0.5 1.6263925348262382 0.5 1.1881271787293284 0.5
440.06614307077473 0.5 1.1889409930576729 0.5 1.887807314372079 0.5 1.753173198110186 0.5 1.1740496314857172 0.5 1.8506999728854665 0.5 1.7202683125893021 0.5 1.5024087963816437 0.5 1.3875715619334898 0.5 1.1358738992116262 0.5 1.0149997297259574 0.5 1.8995270968232003 0.5 1.5515369692988297 0.5 1.6169193979858179 0.5 1.678519892563474 0.5 1.4171243350691833 0.5 1.308122206444371 0.5 1.6821831499800144 0.5 1.8493875135144626 0.5 1.2278126089977068 0.5 1.0344010677040618 0.5 1.7148665661169793 0.5 1.3728883697527392 0.5 1.2883737400788018 0.5 1.623621802701537 0.5 1.7306262554850358 0.5 1.4072571577655157 0.5 1.9966156944661484 0.5 1.2105749328110949 0.5 1.2319476806852752 0.5 1.5802283242963702 0.5 1.5902250203340875 0.5 1.9756579455266132 0.5 1.2661072519751526 0.5 1.7210352927879147 0.5 1.0469698292085026 0.5 1.3424238786382063 0.5 1.3114721832016647 0.5 1.8924563655251658 0.5 1.911017948670579 0.5 1.9506843999878125 0.5 1.0237119298490733 0.5 1.8161110175891184 0.5 1.63724660674088 0.5 1.6455490710928675 0.5 1.8385392741968272 0.5 1.8262285850553788 0.5 1.5767860887522853 0.5 1.7544821083266373 0.5 1.2470489726370526 0.5 1.1021830811434383 0.5 1.7557971661293426 0.5 1.988220220660624 0.5 1.8399414118116382 0.5 1.7855895634887278 0.5 1.8840310721126166 0.5 1.0022661739199918 0.5 1.9254402775917323 0.5 1.689245256503337 0.5 1.517171479414483 0.5 1.686516664203944 0.5 1.2849667529668336 0.5 1.9627100673148896 0.5 1.673362826221742 0.5 1.0896570176051854 0.5 1.744265016796382 0.5 1.1855064122895842 0.5 1.7035958261384543 0.5 1.2789813575104636 0.5 1.3499534915126128 0.5 1.346640850995082 0.5 1.306914534091982 0.5 1.962246781326896 0.5 1.004016841515285 0.5 1.4502756430679553 0.5 1.1831221679450468 0.5 1.6524572279151934 0.5 1.1571973772634059 0.5 1.8411526831659393 0.5 1.4943564253617612 0.5 1.422818254814517 0.5 1.7283630983212124 0.5 1.340418029004602 0.5 1.4745302209909616 0.5 1.315168537965782 0.5 1.9514640058267556 0.5 1.7610190503349912 0.5 1.317205114110944 0.5
442.8697054324281 0.5 1.5594999799798264 0.5 1.2052708042619256 0.5 1.254551761526404 0.5 1.499589612904661 0.5 1.4060420045351416 0.5 1.4204858853500817 0.5 1.4863619478223493 0.5 1.0959406314783071 0.5 1.0501943335724762 0.5 1.9745496377984844 0.5 1.7819753025007368 0.5 1.7603831712455102 0.5 1.799096297591426 0.5 1.5916746812141178 0.5 1.9325036323010183 0.5 1.0028982092224574 0.5 1.6270016888315244 0.5 1.2795912197326424 0.5 1.3237830220424156 0.5 1.4508961867885648 0.5 1.9258596553955374 0.5 1.3878547103697674 0.5 1.4492323685915673 0.5 1.1487754848856153 0.5 1.0396965593322438 0.5 1.8891358657903585 0.5 1.5732283315911157 0.5 1.849337907248624 0.5 1.1685042628901288 0.5 1.1145311011249528 0.5 1.9499855229127712 0.5 1.353702918580728 0.5 1.2476460991615426 0.5 1.8657915651916979 0.5 1.588564738549603 0.5 1.835590126733441 0.5 1.340413100154817 0.5 1.2047266697124437 0.5 1.2998763994372895 0.5 1.4737906383710468 0.5 1.5220099673799687 0.5 1.9521259213779945 0.5 1.0421187108513892 0.5 1.668128891304846 0.5 1.71305082156456 0.5 1.428549032105488 0.5 1.2524842943289354 0.5 1.292645060132032 0.5 1.6315353603432179 0.5 1.629897835787804 0.5 1.3480089254768184 0.5 1.1542398827887212 0.5 1.3221951712528386 0.5 1.4980448551945467 0.5 1.2047565449601125 0.5 1.7371049282962527 0.5 1.9970258593968044 0.5 1.6963260227894792 0.5 1.275596458627076 0.5 1.1316563145889607 0.5 1.3911927614458754 0.5 1.899616221886028 0.5 1.549040575479987 0.5 1.4113999893183873 0.5 1.9835921740802474 0.5 1.4701149801605609 0.5 1.4545903113655787 0.5 1.5080386318589274 0.5 1.7721835077383328 0.5 1.4588201853249845 0.5 1.1290010940352486 0.5 1.1904848929004732 0.5 1.3788789665719108 0.5 1.0536865367900834 0.5 1.7957569698604319 0.5 1.8857824162631767 0.5 1.1082506556517595 0.5 1.5665315157784954 0.5 1.1297556795926664 0.5 1.1943618000291252 0.5 1.2395273100797368 0.5 1.7226629707309051 0.5 1.8216451234600708 0.5 1.9017114527837797 0.5 1.1002871359619566 0.5 1.78903304920675 0.5 1.0522418870947998 0.5 1.6532244642321707 0.5 1.5354919774483404 0.5 1.9291179966247818 0.5 1.1760554101712564 0.5 1.698975838690954 0.5 1.4368154650770415 0.5 1.8384674044150655 0.5 1.1790058727778376 0.5 1.263581639762846 0.5 1.0280155490208767 0.5 1.2667359841477803 0.5 1.2293096622220885 0.5
444.2643752143204 0.5 1.322556532332971 0.5 1.2042063517936614 0.5 1.8975960591698149 0.5 1.346612125425 0.5 1.9526957458490914 0.5 1.6246806203655095 0.5 1.8663582739104045 0.5 1.1666324135274992 0.5 1.0644915070734406 0.5 1.8673473372120801 0.5 1.7816937870839487 0.5 1.3346652804330692 0.5 1.2585408871314645 0.5 1.8719358581291499 0.5 1.1967138635899204 0.5 1.6149804999853434 0.5 1.3598123172923997 0.5 1.0290882825770704 0.5 1.5639372492738755 0.5 1.4979030314644217 0.5 1.5284716451443534 0.5 1.3959484011378098 0.5 1.4967543315835417 0.5 1.750002944543887 0.5 1.2640779858111615 0.5 1.048971896534428 0.5 1.8606922748859378 0.5 1.8222876350489199 0.5 1.781715663458816 0.5 1.7253268642168762 0.5 1.4411817740064197 0.5 1.660998025486784 0.5 1.037711912113326 0.5 1.5671217487710023 0.5 1.278561694653252 0.5 1.7943022074606758 0.5 1.7488319565161357 0.5 1.9127168128014769 0.5 1.4420158909336913 0.5 1.9383054387314216 0.5 1.0111846184656803 0.5 1.670645258230628 0.5 1.3553033180407605 0.5 1.4400564732814847 0.5 1.0119179787954118 0.5 1.2658725050451363 0.5 1.9684060942099153 0.5 1.7115209462851548 0.5 1.223975382599228 0.5 1.3838021408713148 0.5 1.4437695037531924 0.5 1.446965534111956 0.5 1.8012806510750639 0.5 1.860469607337731 0.5 1.559024929354254 0.5 1.008959052477971 0.5 1.4976432477946209 0.5 1.07608780652331 0.5 1.0728170424534327 0.5 1.3117128111477905 0.5 1.8811634312390533 0.5 1.5504430807145497 0.5 1.794355625256354 0.5 1.4678762654467412 0.5 1.4422850672370502 0.5 1.197724521421954 0.5 1.5130175639063652 0.5 1.4118978956278103 0.5 1.0179761388639483 0.5 1.2803103361459538 0.5 1.7043300480320827 0.5 1.1758711200645509 0.5 1.9527615337782627 0.5 1.457542016734751 0.5 1.9568910787140772 0.5 1.9887605793538445 0.5 1.2383878364119911 0.5 1.8310203609403777 0.5 1.7163568466643326 0.5 1.4158141976796403 0.5 1.2369400092526606 0.5 1.4445427374298145 0.5 1.5140243818146737 0.5 1.2869522039519508 0.5 1.6085155900856185 0.5 1.3102572727464832 0.5 1.4164673100652676 0.5 1.8467960427688512 0.5 1.6703682344356543 0.5 1.462108243415969 0.5 1.3318366440782858 0.5 1.5427057468748213 0.5 1.7791827783387517 0.5 1.4310188026197523 0.5 1.0788358345529474 0.5 1.3671783002714522 0.5 1.7396337784616245 0.5 1.238616688844158 0.5 1.0284048398433154 0.5 1.6570529002949548 0.5 1.2966043039424386 0.5 1.2864178314086008 0.5 1.4278878804151223 0.5
454.6062389826988 0.5 1.9015037976166964 0.5 1.2276449632862696 0.5 1.6718626893653346 0.5 1.9723327478418846 0.5 1.0675207353251115 0.5 1.7947252357180181 0.5 1.5647136410175175 0.5 1.3994697511496081 0.5 1.8720694739837622 0.5 1.9938001568638204 0.5 1.9813604808433884 0.5 1.1017421240375644 0.5 1.6130908743497439 0.5 1.034440162259546 0.5 1.7187664231130264 0.5 1.6864217539928055 0.5 1.5059126917721697 0.5 1.9786231895761714 0.5 1.3650345225854323 0.5 1.2045077365088745 0.5 1.863897950437151 0.5 1.2418745652584424 0.5 1.5988467615753954 0.5 1.991417388414444 0.5 1.0621262400211369 0.5 1.8933392688724429 0.5 1.2633006292471154 0.5 1.402347615110631 0.5 1.333384781983936 0.5 1.357065337588368 0.5 1.701219971151911 0.5 1.6964394004293026 0.5 1.4142096407899163 0.5 1.8613415531813438 0.5 1.3851539950518048 0.5 1.562816341861922 0.5 1.034126846871267 0.5 1.7324198540286304 0.5 1.3655662790048 0.5 1.0143532499392174 0.5 1.3174801532194933 0.5 1.0210111852394461 0.5 1.120845079966593 0.5 1.8914968386401885 0.5 1.4150797704608342 0.5 1.6566739702185909 0.5 1.3985208325036829 0.5 1.0684717022456554 0.5 1.626212899281315 0.5 1.0102468122341066 0.5 1.8558981038284659 0.5 1.5221120702081825 0.5 1.8951488791783122 0.5 1.4771936640459136 0.5 1.3487855780023177 0.5 1.069628811497409 0.5 1.1074596846868054 0.5 1.306318094536663 0.5 1.368951982364011 0.5 1.038561805352061 0.5 1.8377369427153112 0.5 1.4242574893148139 0.5 1.5317704350196384 0.5 1.0962047122686074 0.5 1.131595077337435 0.5 1.1803468505669388 0.5 1.4300048471053772 0.5 1.5786522010959883 0.5 1.5112930968406106 0.5 1.2369960361198507 0.5 1.8065774730792292 0.5 1.2112976483991544 0.5 1.2615322861473552 0.5 1.0190084003504805 0.5 1.163570783797147 0.5 1.6973958858158427 0.5 1.3973841524008985 0.5 1.3431866367727254 0.5 1.4699013427405343 0.5 1.124141335487593 0.5 1.853913536905075 0.5 1.1890551550961472 0.5 1.5820788136651736 0.5 1.1419789287370732 0.5 1.6692936243293013 0.5 1.0793124832051395 0.5
464.1037977573339 0.5 1.0517256565128852 0.5 1.1900938222488882 0.5 1.498636529997138 0.5 1.5677460988447014 0.5 1.0232425448880664 0.5 1.9185437736770456 0.5 1.8416813863285784 0.5 1.9914407764820248 0.5 1.5460401411404467 0.5 1.841517803652553 0.5 1.043206378947044 0.5 1.2637361512714733 0.5 1.3292214084660987 0.5 1.7303028412467176 0.5 1.596800642958708 0.5 1.9523596396346967 0.5 1.8985099508897925 0.5 1.927728907730919 0.5 1.2007684560039502 0.5 1.0583503646976995 0.5 1.8694584238199683 0.5 1.09895028693767 0.5 1.9540389869844959 0.5 1.1662158663722844 0.5 1.9298917860441105 0.5 1.0119252541604766 0.5 1.074881478527477 0.5 1.321453436457202 0.5 1.6442378464555678 0.5 1.3296643130224997 0.5 1.0070110792492248 0.5 1.601468886429862 0.5 1.9564750574155567 0.5 1.7915775554930495 0.5 1.9187321290467305 0.5 1.6106989989674636 0.5 1.4050736355980469 0.5 1.9276749123001728 0.5 1.960623799084169 0.5 1.9536514281432882 0.5 1.133326265951775 0.5 1.6557443058666688 0.5 1.2015480846168707 0.5 1.135068006340016 0.5 1.5901404778352393 0.5 1.8332941811868637 0.5 1.2774213067001845 0.5 1.5054599896945249 0.5 1.9775500152048795 0.5 1.8608325625550344 0.5 1.4208922840439129 0.5 1.9689185654139925 0.5 1.6608451976870857 0.5 1.1874747237107157 0.5 1.258435815419746 0.5 1.3310172746303026 0.5 1.6120294714173475 0.5 1.5222759127845265 0.5 1.8622158922950351 0.5 1.2691553741709651 0.5 1.2425275445126878 0.5 1.2721313022951155 0.5 1.0716593790297462 0.5 1.5705138072223679 0.5 1.7335344014084522 0.5 1.4690926414748855 0.5 1.8138411902061304 0.5 1.4395061002832386 0.5 1.792071960550221 0.5 1.3983932949757698 0.5 1.6760470799711913 0.5 1.6641672772340788 0.5 1.6686394367164574 0.5 1.2755630247493666 0.5 1.5765562387212757 0.5 1.990436609407924 0.5 1.3516504661747546 0.5 1.831675680655481 0.5 1.8513750826098787 0.5 1.8784910547216884 0.5 1.570249680127096 0.5 1.666213276013351 0.5 1.4180187047411752 0.5 1.7725859315175159 0.5 1.6466476916310087 0.5 1.0663483626501338 0.5 1.665421735659054 0.5 1.52739032412902 0.5 1.198231658140599 0.5 1.7106751308288741 0.5 1.1666139286648374 0.5 1.265848630271914 0.5 1.4648686743402886 0.5 1.8615971501503163 0.5 1.370289705122433 0.5 1.730211802836188 0.5 1.923965721091982 0.5 1.96097742225203 0.5 1.7769974817193335 0.5
478.1702997818695 0.5 1.8462089474873364 0.5 1.4348251807294958 0.5 1.3251010293457188 0.5 1.3405607735853187 0.5 1.9141332841088805 0.5 1.136616473321714 0.5 1.9000786006995933 0.5 1.0252704381324786 0.5 1.3331133617842599 0.5 1.585760220845231 0.5 1.1175238116517792 0.5 1.9830622897033685 0.5 1.0177522052381536 0.5 1.7812220143148139 0.5 1.1722680030304653 0.5 1.8402767380883431 0.5 1.7148229922846365 0.5 1.0965862892454346 0.5 1.0498565816168866 0.5 1.0309731808082339 0.5 1.360066252910209 0.5 1.9319008833766942 0.5 1.5114751571986464 0.5 1.939314377100181 0.5 1.994526027652053 0.5 1.526783653765163 0.5 1.9635055861142054 0.5 1.1570677940885474 0.5 1.8857671193217205 0.5 1.439182939443087 0.5 1.0353225649795585 0.5 1.318908695220005 0.5 1.247170275410319 0.5 1.927350556654972 0.5 1.636464717103826 0.5 1.2576469335464209 0.5 1.1577323738642114 0.5 1.6356586341854742 0.5 1.074542973044112 0.5 1.9464580316914486 0.5 1.616573880769351 0.5 1.6564366232180368 0.5 1.3668801943335667 0.5 1.4707987651287517 0.5 1.170765402228652 0.5 1.12070377961567 0.5 1.0428549106094671 0.5 1.7166956401769964 0.5 1.9638235729295737 0.5 1.3929237263886995 0.5 1.5071047520080805 0.5 1.3934466463744895 0.5 1.2661779197275083 0.5 1.1223762533730768 0.5 1.211311716020441 0.5 1.3510571968090122 0.5 1.5422836330325593 0.5 1.7977936931078684 0.5 1.8703484671696016 0.5 1.8372827516162906 0.5 1.2239857520823496 0.5 1.1968215103736348 0.5 1.6106082751043422 0.5 1.5425653533798602 0.5 1.7259966698306164 0.5 1.2236605576825703 0.5 1.9064492452473787 0.5 1.8320474357594576 0.5 1.4797745102593576 0.5 1.440610975553196 0.5 1.0733102923857243 0.5 1.3340031886581565 0.5 1.366061880728466 0.5 1.5915608037204136 0.5 1.0398664345841855 0.5 1.1372502255448884 0.5 1.2358949588446022 0.5 1.8231878376338044 0.5 1.188854849893258 0.5 1.7015822757354269 0.5 1.7195052446526793 0.5 1.5301168263211409 0.5 1.2143757763004432 0.5 1.7435413822380987 0.5 1.691265175371175 0.5 1.6598625991089544 0.5 1.2596244690711873 0.5 1.3714614349271514 0.5
518.4263730017356 0.5 1.815041629630281 0.5 1.6809623778704474 0.5 1.274915577133216 0.5 1.5293950103231593 0.5 1.809325442460834 0.5 1.2214339060549997 0.5 1.3399751228790868 0.5 1.5278088590590038 0.5 1.0948649837198063 0.5 1.1126823646786974 0.5 1.1201669726751748 0.5 1.5375787610118283 0.5 1.893509040214818 0.5 1.799136644822604 0.5 1.3286125302158598 0.5 1.9485263240200053 0.5 1.8050884361534747 0.5 1.6653689256839854 0.5 1.9116402278914757 0.5 1.559812439675214 0.5 1.063324361632337 0.5 1.1642827782378025 0.5 1.9420424193733297 0.5 1.1905793929677495 0.5 1.3547727142377468 0.5 1.7497682193366435 0.5 1.711862171436881 0.5 1.009443736932539 0.5 1.1332212711305476 0.5 1.2066239477555487 0.5 1.3275003987184282 0.5 1.7029703284055635 0.5 1.5092486094111544 0.5 1.5949721509843395 0.5 1.5353046568748714 0.5 1.3643229847655554 0.5 1.2297339423393652 0.5 1.2046326147338255 0.5 1.7947623032129347 0.5 1.244664214092468 0.5 1.608731627356275 0.5 1.2680305693494809 0.5 1.9889475593385324 0.5 1.5138520760879308 0.5 1.4522277821605374 0.5 1.4374765726630203 0.5 1.8041531611180353 0.5 1.744198290766536 0.5 1.1186190209291365 0.5 1.4666008662753285 0.5 1.159678503859654 0.5 1.4552610045983758 0.5 1.9183761567022137 0.5 1.32980240248467 0.5 1.6449041239615942 0.5 1.4504411070136585 0.5 1.455729119568395 0.5 1.2061413920506203 0.5 1.8629165675834167 0.5 1.409399406928883 0.5 1.7061279290911124 0.5 1.3208635603907508 0.5 1.1047469070786828 0.5 1.474315474868468 0.5 1.7068570221893662 0.5 1.691521494404634 0.5 1.317677924107219 0.5 1.4258476848144142 0.5 1.0476802138197627 0.5 1.9845638492138016 0.5 1.327357701085817 0.5 1.2394903805502064 0.5 1.426617850320421 0.5 1.570290537575271 0.5 1.6229366503167277 0.5 1.54257404555432 0.5 1.3257647524386118 0.5 1.0592289009502693 0.5 1.7232928226658704 0.5 1.3083101479157153 0.5 1.885917447086293 0.5 1.1447826206292961 0.5 1.885382709602506 0.5 1.1364027523484097 0.5 1.043507808718824 0.5 1.164744709306774 0.5 1.7603911442609625 0.5 1.605514556980402 0.5 1.995212580856182 0.5 1.6014932162968059 0.5 1.0691492992058504 0.5 1.9305666956865632 0.5 1.673139875808221 0.5 1.2870525233846495 0.5 1.6038271934375499 0.5 1.610002382435107 0.5 1.533502896149597 0.5 1.070544473760294 0.5 1.375179609281914 0.5 1.9847082028583751 0.5 1.3200956418911505 0.5 1.3931573822711703 0.5 1.4379646967440285 0.5 1.7382192889986297 0.5 1.4199864842220005 0.5
538.6000995465295 0.5 1.2925142634018598 0.5 1.9603352848563023 0.5 1.1973631013464199 0.5 1.5938059127737245 0.5 1.993254145663908 0.5 1.8663597910884615 0.5 1.502616999051649 0.5 1.838769911350909 0.5 1.2583417421386682 0.5 1.1132547722543558 0.5 1.9745341040708229 0.5 1.7098249772181107 0.5 1.513377546650244 0.5 1.9793139523357297 0.5 1.5865850903953678 0.5 1.2083430635946355 0.5 1.6287917477002631 0.5 1.3126182061176475 0.5 1.0869547778573596 0.5 1.0097498061686356 0.5 1.8334464193457713 0.5 1.8536656134931366 0.5 1.9619058913087057 0.5 1.3530969641278154 0.5 1.5251642102110865 0.5 1.6520060146467408 0.5 1.7329600457376522 0.5 1.7316168916092116 0.5 1.0504155320016204 0.5 1.478024184688258 0.5 1.466312624399621 0.5 1.5586709749278844 0.5 1.9292583190577162 0.5 1.9713889368128172 0.5 1.2892786276810333 0.5 1.2808077070142927 0.5 1.6706759331847931 0.5 1.050431749204521 0.5 1.545577783670809 0.5 1.422742438808437 0.5 1.5307162646145582 0.5 1.0347910344995794 0.5 1.8059171206914992 0.5 1.3250993607477413 0.5 1.7449755264944566 0.5 1.693668530120795 0.5 1.9503650857489936 0.5 1.2644868245249925 0.5 1.0383439722321475 0.5 1.0954436144942776 0.5 1.1543687114523689 0.5 1.3128830849085769 0.5 1.6869916593860474 0.5 1.554703874410305 0.5 1.943363368025668 0.5 1.1369044907677863 0.5 1.5540464566369272 0.5 1.1241167911735583 0.5 1.859595585135967 0.5 1.7010504047641253 0.5 1.315115762972637 0.5 1.2520742262409723 0.5 1.2057321806641728 0.5 1.9210662944562387 0.5 1.346535334634305 0.5 1.6586597615882213 0.5 1.603900196069295 0.5 1.1225721751576025 0.5 1.9550409633299737 0.5 1.790985229681424 0.5 1.394579927664081 0.5 1.6317832283157734 0.5 1.2425714501668743 0.5 1.759386168194803 0.5 1.4057148312606411 0.5 1.0619834616166859 0.5 1.288852098482789 0.5 1.4901267684342971 0.5 1.6462660087892516 0.5 1.2326782120700475 0.5 1.7779702650992295 0.5 1.417835073091923 0.5 1.1186155134551554 0.5
542.8777648681333 0.5 1.9282751534322404 0.5 1.7018206546377708 0.5 1.0138466428721937 0.5 1.5999483013280662 0.5 1.6513606716341585 0.5 1.288067847660372 0.5 1.5931140265577028 0.5 1.712479524463004 0.5 1.1309787954585546 0.5 1.2932197513982842 0.5 1.3346670326292656 0.5 1.8669793097374647 0.5 1.833349697292124 0.5 1.3257017836551874 0.5 1.7346645292571399 0.5 1.7215796313964966 0.5 1.3061981047112812 0.5 1.7683381799830573 0.5 1.5050299373687226 0.5 1.4800931562575177 0.5 1.6297869049703486 0.5 1.225198437588213 0.5 1.860697586751942 0.5 1.3154021380273524 0.5 1.9489347331389604 0.5 1.5994032265491671 0.5 1.4524468667651687 0.5 1.1190613706531776 0.5 1.9731318381673515 0.5 1.0224595843299495 0.5 1.6323756047902909 0.5 1.7002765646970783 0.5 1.2343001759175127 0.5 1.510371796491445 0.5 1.6571058937091858 0.5 1.8573070404090597 0.5 1.9130473602616012 0.5 1.393775008731969 0.5 1.8330426523271268 0.5 1.6444232791165394 0.5 1.390973507571383 0.5 1.2785334347232444 0.5 1.2551270417827984 0.5 1.6833211077462202 0.5 1.971867582422549 0.5 1.801802872898517 0.5 1.9894275983590042 0.5 1.6103467491154762 0.5 1.3988270482337066 0.5 1.5807023381631633 0.5 1.2505934634119482 0.5 1.5145713534689884 0.5 1.5527547745443044 0.5 1.4904154433621404 0.5 1.5778386109426723 0.5 1.4738223373605295 0.5 1.0610398157633483 0.5 1.089240787104245 0.5 1.2955141560561123 0.5 1.9157953548283184 0.5 1.112327551385399 0.5 1.3695403882159316 0.5 1.1277751144557708 0.5 1.316396635352704 0.5 1.8004934545013378 0.5 1.2231249228528094 0.5 1.7461160484194995 0.5 1.064416872997415 0.5 1.81998052513634 0.5 1.9483863526146492 0.5 1.2539549887243546 0.5 1.8335992491068867 0.5 1.9641034096530323 0.5 1.559488698337236 0.5 1.7860155087464846 0.5 1.656701037408376 0.5 1.4085159476087463 0.5 1.0684000398691507 0.5 1.1794960389865343 0.5 1.3466244798422249 0.5 1.389879753242401 0.5 1.3469826994240395 0.5 1.9085878366830777 0.5
557.5425204102211 0.5 1.8928893250179524 0.5 1.792869918844571 0.5 1.1424669893284285 0.5 1.9807738634316787 0.5 1.9163473621211857 0.5 1.0493314994050702 0.5 1.1910296624699859 0.5 1.7783504707851012 0.5 1.7126786586444989 0.5 1.5371199745434956 0.5 1.5122186361206529 0.5 1.650557622991136 0.5 1.99411481016242 0.5 1.4939336473053602 0.5 1.5361707399586617 0.5 1.0175037492813939 0.5 1.557929570523811 0.5 1.552472064771226 0.5 1.7551255314971268 0.5 1.2138976605916056 0.5 1.1388783637743574 0.5 1.4749185648934038 0.5 1.2694054445255518 0.5 1.4711864425730417 0.5 1.6981990539362435 0.5 1.3261084382419543 0.5 1.8053155109802708 0.5 1.8265463405836935 0.5 1.0360710657482475 0.5 1.7193141484003354 0.5 1.7074945605242267 0.5 1.1978503854594442 0.5 1.9545919090368666 0.5 1.4907836035397035 0.5 1.1906049517394228 0.5 1.1042873805587412 0.5 1.5144375733418936 0.5 1.7655161394477243 0.5 1.778004459906656 0.5 1.736440528002284 0.5 1.91115750653997 0.5 1.4396409380818684 0.5 1.007844109431705 0.5 1.44563776265078 0.5 1.5973477648276577 0.5 1.4142170549907753 0.5 1.4131725498735577 0.5 1.8077142391522765 0.5 1.0817794675547123 0.5 1.9325289978451958 0.5 1.0157563379662746 0.5 1.5036006743294505 0.5 1.5288275497391859 0.5 1.5089419588662156 0.5 1.1246144643367955 0.5 1.0500334325920258 0.5 1.850551459482775 0.5 1.5139873780465714 0.5 1.1185891823553877 0.5 1.2811666828379404 0.5 1.498924546644492 0.5 1.8483097153352954 0.5 1.6683745958922302 0.5 1.2940753402026521 0.5 1.5255253945092595 0.5 1.7701953042214278 0.5 1.5282055762301137 0.5 1.328295082961687 0.5 1.0963631870759891 0.5 1.5822219396064143 0.5 1.4030895211457195 0.5 1.5710717908287921 0.5 1.5803017029398316 0.5 1.9361347326877567 0.5 1.385139673088831 0.5 1.4573587199821796 0.5 1.334718142825876 0.5 1.9280556367362727 0.5 1.009442475177579 0.5 1.9855489465675038 0.5 1.4222820778834318 0.5 1.5833105900443571 0.5 1.9537517576938026 0.5 1.2265676437968764 0.5 1.449588742514686 0.5 1.7658125713174129 0.5 1.04980169567341 0.5 1.093803126721744 0.5 1.6099020984699879 0.5 1.3888357796902562 0.5 1.5777060120173299 0.5 1.080223867146168 0.5 1.351459652251755 0.5 1.402587026617803 0.5 1.708153131879964 0.5 1.2098293715648998 0.5 1.2095670414702409 0.5 1.7302739191095404 0.5 1.463605579074923 0.5 1.2701394881874153 0.5 1.9131279251120856 0.5 1.9277270615146906 0.5 1.8744708198495712 0.5 1.4421460416441372 0.5 1.1716765224034398 0.5 1.9411883125426248 0.5 1.2016506354526202 0.5 1.847578049370266 0.5 1.2767795864917788 0.5 1.1379103939750452 0.5 1.8504624626516737 0.5
566.9649188987346 0.5 1.0781836444575488 0.5 1.46485088850782 0.5 1.7487108153460555 0.5 1.0973675926155462 0.5 1.1542312586191004 0.5 1.7722995727756252 0.5 1.4359809632146108 0.5 1.3350828697514106 0.5 1.006354954026187 0.5 1.1711077855213636 0.5 1.3307714089261233 0.5 1.1657218007901728 0.5 1.447183204531092 0.5 1.7817472449733975 0.5 1.0082077047933233 0.5 1.9832064814504642 0.5 1.3446749615969003 0.5 1.2030315566304708 0.5 1.2235159189708718 0.5 1.0235413694823676 0.5 1.8205382360892868 0.5 1.3232984074359537 0.5 1.2661478630278067 0.5 1.3264931691968764 0.5 1.2224628078676631 0.5 1.3120776476114202 0.5 1.4424374912781537 0.5 1.6461144384679087 0.5 1.9569745165602634 0.5 1.6553472619290717 0.5 1.0637685952073257 0.5 1.633246909529035 0.5 1.435161587559774 0.5 1.6538497171641737 0.5 1.972871225510283 0.5 1.3453458337851965 0.5 1.1053221935921986 0.5 1.4434276830362176 0.5 1.1711166994272353 0.5 1.3649767915918605 0.5 1.764919534102272 0.5 1.9024790303853867 0.5 1.8089542178455977 0.5 1.7365627016906435 0.5 1.7564208249116624 0.5 1.185938942107215 0.5 1.9560287622445152 0.5 1.1163844121234945 0.5 1.847180752225358 0.5 1.7910081067924233 0.5 1.8690751669840737 0.5 1.4452797743939172 0.5 1.3999454999220282 0.5 1.856343569367946 0.5 1.1431547080440054 0.5 1.209333474208362 0.5 1.6348408659067217 0.5 1.2738576576150815 0.5 1.6472257620877762 0.5 1.8792662839053815 0.5 1.7317173779607227 0.5 1.150349958610445 0.5 1.194044878391243 0.5 1.4691266774046465 0.5 1.4971215129992854 0.5 1.79432410496381 0.5 1.6990032612232588 0.5 1.219598159880992 0.5 1.4837688887344365 0.5 1.4677665520653989 0.5 1.6305576532730512 0.5 1.1419428906173938 0.5 1.3347972364650655 0.5 1.1047721694086594 0.5 1.7001226907689264 0.5 1.28506606883988 0.5 1.8773262200722458 0.5 1.9422185208269953 0.5 1.170876332821587 0.5 1.6121793274050527 0.5 1.916087891228837 0.5 1.0157925909505656 0.5 1.8867235456356448 0.5 1.7440818725748481 0.5 1.976797793524639 0.5 1.3485619164683251 0.5 1.4201865955776243 0.5 1.84984795432494 0.5 1.2429094020920357 0.5 1.3265452061673657 0.5 1.3539744952372237 0.5 1.8851028483833159 0.5 1.5648393299958112 0.5 1.0436706281984263 0.5 1.4976071639397306 0.5 1.6824714427807115 0.5 1.3900479598282678 0.5 1.1477353598617426 0.5 1.4894539100120223 0.5 1.2609838870926846 0.5 1.0367538293799792 0.5 1.1970410298372167 0.5 1.8263231176577024 0.5 1.2915489476146809 0.5
585.7579618474739 0.5 1.8111842459722087 0.5 1.1748864302758593 0.5 1.2224635591892619 0.5 1.3926179755338013 0.5 1.0225545220401713 0.5 1.3886774141598153 0.5 1.8319895575798528 0.5 1.6060620298060009 0.5 1.425222639756143 0.5 1.8007314317519643 0.5 1.2845674808347853 0.5 1.0809519364301003 0.5 1.1484410533254876 0.5 1.9038687470098878 0.5 1.9695462883319759 0.5 1.8882804620612808 0.5 1.1535479714979928 0.5 1.1062759505190323 0.5 1.4644703060789082 0.5 1.6064715989743887 0.5 1.1846039593409277 0.5 1.2788469893102512 0.5 1.0269388942711932 0.5 1.3700552696992565 0.5 1.0437276752046685 0.5 1.7895113445777002 0.5 1.1072200323257055 0.5 1.4438287342240281 0.5 1.9603729382691566 0.5 1.70231312978399 0.5 1.9154666257805877 0.5 1.7839600027202165 0.5 1.5559650215366778 0.5 1.3594655928592942 0.5 1.0896624685039398 0.5 1.3607522904605565 0.5 1.798719416849966 0.5 1.761135895565479 0.5 1.9297750100947795 0.5 1.8643081733373466 0.5 1.7823641471467675 0.5 1.0766785086887216 0.5 1.4662945299329757 0.5 1.0920442417351315 0.5 1.423927754919119 0.5 1.1784861444567412 0.5 1.728460959404002 0.5 1.923175409722639 0.5 1.7871260618892815 0.5 1.5413668571007797 0.5 1.8510571060177259 0.5 1.9786505239967611 0.5 1.0767583029424355 0.5 1.964293790929657 0.5 1.0918162711924286 0.5 1.4903098232590026 0.5 1.6295528173369171 0.5 1.5924668838151383 0.5 1.2881409272041555 0.5 1.2847831463581036 0.5 1.3737058718065178 0.5 1.285851930566173 0.5 1.863357709964427 0.5 1.6620635118114628 0.5 1.6731865658015657 0.5 1.4509213142701405 0.5 1.5633096571710499 0.5 1.0852643475961963 0.5 1.7622988047057062 0.5 1.368595755675429 0.5 1.7186600212185013 0.5 1.0958585646844725 0.5 1.892299142606299 0.5 1.7010992857070133 0.5 1.6246350784343973 0.5 1.5967036057866235 0.5 1.8604345755201352 0.5 1.214279429510238 0.5 1.2422613410018846 0.5 1.255845689892233 0.5 1.419430598006408 0.5 1.738705428044829 0.5 1.1644558410030894 0.5 1.0735720055570024 0.5 1.6242243295113994 0.5 1.3047557746455367 0.5 1.3596494249385407 0.5 1.8701502981324598 0.5 1.550547762598586 0.5 1.9412406382168692 0.5 1.1816268286997371 0.5 1.7861117711982948 0.5 1.1189514381529229 0.5 1.9054450164613437 0.5 1.900320697557854 0.5 1.944571201234844 0.5 1.7381634808395656 0.5 1.440908741813646 0.5 1.2978094366752218 0.5 1.6944372916840273 0.5 1.1444268564369091 0.5
590.3556189343637 0.5 1.2052016291806145 0.5 1.2160958333963334 0.5 1.9138928806571878 0.5 1.6002505459691767 0.5 1.694763402164392 0.5 1.64781812793637 0.5 1.179590835005774 0.5 1.8216680395053064 0.5 1.2412582134745629 0.5 1.6634911747433754 0.5 1.0586431096977083 0.5 1.1667142350635387 0.5 1.9186882592877614 0.5 1.4454807849591225 0.5 1.4623989332868739 0.5 1.5922091445865323 0.5 1.0194577748035272 0.5 1.0739978616453385 0.5 1.761081221095642 0.5 1.2390289810717108 0.5 1.2058852665743842 0.5 1.7108410507732503 0.5 1.5346475487114224 0.5 1.6219143292114149 0.5 1.8786087114024166 0.5 1.4518922080157057 0.5 1.8888804406225579 0.5 1.645121384415837 0.5 1.1937825456024818 0.5 1.7871273258120812 0.5 1.249786630242158 0.5 1.7018205466411085 0.5 1.4549307805173795 0.5 1.3353839469988356 0.5 1.754645401304431 0.5 1.487538155856046 0.5 1.1655856951409032 0.5 1.4347236898143785 0.5 1.6899776792790013 0.5 1.7606391091619962 0.5 1.1500794917591097 0.5 1.5228598225032477 0.5 1.4487667824802097 0.5 1.902575916981869 0.5 1.9210372432496206 0.5 1.8663993626026385 0.5 1.3902028774746404 0.5 1.130739525213954 0.5 1.316190068926312 0.5 1.7077467224085923 0.5 1.7783002324287025 0.5 1.1020588703782956 0.5 1.277215650889322 0.5 1.9442356755511936 0.5 1.7221633963620477 0.5 1.5740266859496894 0.5 1.4615758449189808 0.5 1.9589406941419283 0.5 1.3747771403967097 0.5 1.6460959164170275 0.5 1.4822694679021766 0.5 1.1290548513121854 0.5 1.3089496169612538 0.5 1.3508660900767917 0.5 1.750159504310151 0.5 1.316367339582108 0.5 1.1719353263402272 0.5 1.0670109634367857 0.5 1.3605455961035706 0.5 1.9516891331703614 0.5 1.5326383863733524 0.5 1.1692398734561098 0.5 1.8152219179423232 0.5 1.1402445010947146 0.5 1.9433398541950202 0.5 1.3926740049715782 0.5 1.9271226300830442 0.5 1.2332749412533324 0.5 1.9257123682724364 0.5 1.2776039810855482 0.5 1.9322998134712164 0.5 1.012920756007834 0.5 1.87945035080959 0.5 1.1342195131482895 0.5 1.7378593794413426 0.5 1.7396935835143745 0.5 1.4757973115425052 0.5 1.1726258510515692 0.5 1.1128883709550736 0.5 1.135697076560012 0.5 1.8061800940056933 0.5 1.658129998761366 0.5 1.3171869907702711 0.5
600.6157925669368 0.5 1.667722004196266 0.5 1.1610762359556426 0.5 1.1811388289955296 0.5 1.3401912568767993 0.5 1.2774111742833 0.5 1.9525927465138797 0.5 1.2862029043422163 0.5 1.3031609873080077 0.5 1.9641292612655064 0.5 1.542578738256382 0.5 1.2744855165963394 0.5 1.7439844953531227 0.5 1.7109287291820898 0.5 1.0365952614344867 0.5 1.125054462150623 0.5 1.3581104880859025 0.5 1.0161061079067184 0.5 1.6774772362180235 0.5 1.2257247586675701 0.5 1.3575476323932238 0.5 1.0570973458360833 0.5 1.5386585987472001 0.5 1.7491269525502693 0.5 1.4039490902294927 0.5 1.536418886066819 0.5 1.122963443738108 0.5 1.1899128905362273 0.5 1.0811153879025008 0.5 1.0982608762338402 0.5 1.7940019782145042 0.5 1.3285539356911744 0.5 1.5240977315882853 0.5 1.6862580425374776 0.5 1.4822334459233457 0.5 1.743919218536266 0.5 1.9143516588282192 0.5 1.7333409593447153 0.5 1.1123715312521467 0.5 1.163140334274985 0.5 1.4850106623926251 0.5 1.9566469212713453 0.5 1.1428383860607902 0.5 1.0200217010224675 0.5 1.2080540384840508 0.5 1.140574213182509 0.5 1.448069832995171 0.5 1.3978060238915733 0.5 1.2419800295051364 0.5 1.4682648058144814 0.5 1.0560545815269609 0.5 1.048004788705242 0.5 1.9935265509169504 0.5 1.4523857802147462 0.5 1.1393634535915864 0.5 1.64704673099613 0.5 1.0987529881597167 0.5 1.172526984683018 0.5 1.7488216718823284 0.5 1.7764226749094802 0.5 1.781322808400027 0.5 1.4362754694625068 0.5 1.244126471685319 0.5 1.795889729643825 0.5 1.5357668272784533 0.5 1.5991483177927241 0.5 1.9373784384377504 0.5 1.2062637246930912 0.5 1.688296767772065 0.5 1.4805625409675536 0.5 1.621148225052962 0.5 1.032255791661646 0.5 1.3934132111195643 0.5 1.0733875952169105 0.5 1.0279066471174183 0.5 1.4188223382518528 0.5 1.248922627113681 0.5 1.7096206884250063 0.5 1.51576188874846 0.5 1.2752323142369546 0.5 1.1128652515560633 0.5 1.6005611153566368 0.5 1.4099409212332765 0.5 1.3494294411363295 0.5 1.7549193580124989 0.5 1.8617172365252013 0.5 1.7625857221058516 0.5 1.015258510422771 0.5 1.7605775821819076 0.5 1.7256186531209101 0.5 1.003457147194061 0.5 1.9998412872608626 0.5 1.3947791697495509 0.5 1.5509464339724224 0.5 1.9022249817503036 0.5 1.769293270055904 0.5 1.478757358529751 0.5 1.0217216459626293 0.5 1.5392264877244775 0.5 1.359372471585762 0.5 1.2121570117506086 0.5 1.7163088779928728 0.5 1.7291608188405225 0.5 1.2697424178043102 0.5 1.8511634174621496 0.5 1.1632757462456351 0.5
602.6544249205411 0.5 1.827313074039314 0.5 1.865378218103928 0.5 1.992303045701167 0.5 1.4896750601082784 0.5 1.8894442093446582 0.5 1.3986981150950024 0.5 1.7366113770172351 0.5 1.146232143136665 0.5 1.2103145583321573 0.5 1.551725333298369 0.5 1.653583339108442 0.5 1.1344187200465194 0.5 1.8350804177553268 0.5 1.1560350502426426 0.5 1.118461280527041 0.5 1.000547105371062 0.5 1.6214694833954928 0.5 1.7716778320965123 0.5 1.7587203305129941 0.5 1.6762939386698998 0.5 1.1364030316240186 0.5 1.2716973956984523 0.5 1.8606386669866923 0.5 1.673988129927949 0.5 1.248709725986079 0.5 1.445832045332362 0.5 1.8173343107794921 0.5 1.1876721917944404 0.5 1.9462437206328569 0.5 1.679106962460453 0.5 1.6270334314471524 0.5 1.2042651697539357 0.5 1.9881598224579764 0.5 1.3023351757569688 0.5 1.705473842135104 0.5 1.7515558905285302 0.5 1.2388957265369909 0.5 1.9068197159780775 0.5 1.6224527121334331 0.5 1.4588721504092768 0.5 1.9929377803497945 0.5 1.0631485000288927 0.5 1.7972076933057768 0.5 1.1596798316392296 0.5 1.0670645392972578 0.5 1.9135752679086107 0.5 1.2066042841564348 0.5 1.07898012042781 0.5 1.0347834857053164 0.5 1.5546077727642715 0.5 1.3390677544857104 0.5 1.1524761391724911 0.5 1.5277385475798175 0.5 1.7959539453120696 0.5 1.9579629958080784 0.5 1.3524999378773537 0.5 1.790534433873181 0.5 1.5964426769498319 0.5 1.9800703677658582 0.5 1.3568447724343766 0.5 1.5152921740888263 0.5 1.0770807459862881 0.5 1.9518413989246965 0.5 1.4632417708133585 0.5 1.4454434610986984 0.5 1.4812744371809061 0.5 1.4475534960279792 0.5 1.8848070846357166 0.5 1.3879230893172458 0.5 1.06467494987804 0.5 1.2215302001998205 0.5 1.7152371240010211 0.5 1.8069815780763845 0.5 1.327918307768373 0.5 1.8036056459297527 0.5 1.5140030048201676 0.5 1.194246245932102 0.5 1.836482594336636 0.5 1.7897981090823558 0.5 1.5397735555092908 0.5 1.3489216588893804 0.5 1.6745325198543115 0.5 1.1004266787749817 0.5 1.2215885399392294 0.5 1.999906688165599 0.5 1.249089551031822 0.5 1.1389734595591883 0.5 1.8697030614620977 0.5 1.9057263179430515 0.5 1.604074883939631 0.5 1.7031392989406515 0.5
603.3359168512272 0.5 1.5062280533133146 0.5 1.2541621742910989 0.5 1.6655433254468814 0.5 1.2115976813189901 0.5 1.4230605511832062 0.5 1.5991469904150137 0.5 1.373709827692165 0.5 1.1532226212888905 0.5 1.8670572842567719 0.5 1.906114122362217 0.5 1.4446032879705086 0.5 1.5285740490832438 0.5 1.9449911392721204 0.5 1.8271730943702853 0.5 1.5529804982333881 0.5 1.070855179565723 0.5 1.1238076158082666 0.5 1.874701353181518 0.5 1.7328815310935348 0.5 1.3007094245205035 0.5 1.4099100072191701 0.5 1.5878167679787105 0.5 1.3457710853659326 0.5 1.0253789407646425 0.5 1.159054726174961 0.5 1.6663977500256082 0.5 1.9715386512289605 0.5 1.2178619385329472 0.5 1.9320771405937178 0.5 1.8588162015560208 0.5 1.4144351427499628 0.5 1.7096169767666098 0.5 1.2959440773722917 0.5 1.864859647684856 0.5 1.2188174830114478 0.5 1.2913148581844847 0.5 1.939328900913314 0.5 1.3415115264435866 0.5 1.6425821899070816 0.5 1.8760592750811576 0.5 1.6781966308037237 0.5 1.7329210141190547 0.5 1.2400518978626631 0.5 1.9930964590843638 0.5 1.9821321822333624 0.5 1.9822857117882249 0.5 1.509809306167508 0.5 1.4528123969299234 0.5 1.8383419522874407 0.5 1.8007760609811605 0.5 1.5140256877143443 0.5 1.3924798182495515 0.5 1.8744916745442042 0.5 1.9199508302072175 0.5 1.42350309214484 0.5 1.8869576692890182 0.5 1.518474877700601 0.5 1.6161532461224408 0.5 1.6611358597787589 0.5 1.0505434076614069 0.5 1.378627461979962 0.5 1.9602011554575718 0.5 1.8901397080638755 0.5 1.045012260355667 0.5 1.0037037622556075 0.5 1.7881668631395113 0.5 1.943700586870835 0.5 1.0254025977991912 0.5 1.1489735635864542 0.5 1.1334874488718891 0.5 1.7519235522909566 0.5 1.211717294824484 0.5 1.501719065178948 0.5 1.4451159581167206 0.5 1.3894358233231703 0.5 1.2387476043053853 0.5 1.566168072685308 0.5 1.1545131362223922 0.5 1.6811817949879204 0.5 1.7058875399979685 0.5 1.289457743178052 0.5 1.2666174950294127 0.5 1.7254382242532076 0.5 1.1229615454359152 0.5 1.3847186715378692 0.5 1.728147725746546 0.5 1.7276249122608782 0.5 1.0299521823454814 0.5 1.0424719606429758 0.5 1.9851449834309824 0.5 1.7419871398178626 0.5 1.0698608871469144 0.5 1.7259404382094674 0.5 1.3351092637539517 0.5 1.939012386931105 0.5
619.3669101561065 0.5 1.5216284897714596 0.5 1.4704742154984314 0.5 1.0451152251179758 0.5 1.9049108001617303 0.5 1.9666964530105167 0.5 1.7345377767596342 0.5 1.7998615917041576 0.5 1.9714916391698638 0.5 1.1530727964357552 0.5 1.9822616193694123 0.5 1.9953283970627287 0.5 1.2301840525773569 0.5 1.2978717636580281 0.5 1.4293453758004766 0.5 1.0326801956312797 0.5 1.023872115961132 0.5 1.5548542040765794 0.5 1.2573091661740574 0.5 1.6330827981925038 0.5 1.1715848649581215 0.5 1.9294015798628488 0.5 1.7134935499429602 0.5 1.8693704480931408 0.5 1.1171375750803032 0.5 1.673671148212612 0.5 1.5302424874415494 0.5 1.2845082383382405 0.5 1.3574436816417748 0.5 1.4462316450174284 0.5 1.8587639865913712 0.5 1.150013519448565 0.5 1.3296198300599045 0.5 1.2735212417529072 0.5 1.997965689864958 0.5 1.8106120513507962 0.5 1.9137810512681779 0.5 1.4622495894259762 0.5 1.979271309718432 0.5 1.7164550390238988 0.5 1.9769163614204595 0.5 1.0552155830601773 0.5 1.7994262033310948 0.5 1.873783636541483 0.5 1.7014792798934977 0.5 1.5415831773368422 0.5 1.2712211032253562 0.5 1.1296543587849888 0.5 1.204751925138242 0.5 1.478354682180385 0.5 1.0310529589277329 0.5 1.2308286346745443 0.5 1.5990799503680053 0.5 1.1446690366079735 0.5 1.733414032302854 0.5 1.435084282909329 0.5 1.6806722004582317 0.5 1.9667657731057144 0.5 1.5376086243350275 0.5 1.8843470489868976 0.5 1.066796426322305 0.5 1.266037526377584 0.5 1.1404159892360552 0.5 1.8861813391067863 0.5 1.2873215138800433 0.5 1.1187752943078506 0.5 1.1986246591762266 0.5 1.8201964143049265 0.5 1.4020452905451721 0.5 1.328193095212645 0.5 1.3410297773925222 0.5 1.1430498614471787 0.5 1.9075279051098264 0.5 1.8784104670723296 0.5 1.5228705202535369 0.5 1.764451786622399 0.5 1.5738944617147252 0.5 1.1229826247375807 0.5 1.7779049240038174 0.5 1.6237113909983893 0.5 1.8589461352546186 0.5 1.0693498818021112 0.5 1.7328913663512806 0.5 1.0623566715795738 0.5 1.2221567355374683 0.5 1.657664711533597 0.5 1.9983620749916824 0.5 1.3403672233517776 0.5 1.9285517917004122 0.5 1.8570534105005216 0.5 1.7046722279439934 0.5 1.277897779121826 0.5 1.8189596832197248 0.5 1.1816234783862385 0.5 1.8976756682452338 0.5
641.9779245887148 0.5 1.9577528753309392 0.5 1.7237369756401661 0.5 1.6154050266422153 0.5 1.2281509511491857 0.5 1.076255981304528 0.5 1.6251381973681442 0.5 1.909319758696964 0.5 1.1987412211387674 0.5 1.1551733467079441 0.5 1.1300975541343474 0.5 1.9278654066308456 0.5 1.797973788457322 0.5 1.5511297717620276 0.5 1.928113449111428 0.5 1.4716376633842359 0.5 1.1434719922278904 0.5 1.6478678792009274 0.5 1.9932923756654874 0.5 1.4010825815129713 0.5 1.036958453360104 0.5 1.4384875003026192 0.5 1.7525206399981892 0.5 1.5229790829564718 0.5 1.3166799138627363 0.5 1.7982710320836075 0.5 1.4337083688149623 0.5 1.0636502926289415 0.5 1.170680111617353 0.5 1.515473177032912 0.5 1.2270996516921442 0.5 1.6953798798027073 0.5 1.1061048031516405 0.5 1.6025427337968972 0.5 1.2090334725142864 0.5 1.6071400059275593 0.5 1.3423365487618695 0.5 1.460574079821694 0.5 1.590475731402262 0.5 1.8788706221917086 0.5 1.1537423609279158 0.5 1.1302818214438082 0.5 1.9154537680954427 0.5 1.8128032839238788 0.5 1.9982483542801073 0.5 1.618073529027586 0.5 1.2040855485811863 0.5 1.535860700591544 0.5 1.9381149328064178 0.5 1.8890725170707734 0.5 1.518429159832322 0.5 1.0722591020999381 0.5 1.4473153529076226 0.5 1.104320564658945 0.5 1.287537678516179 0.5 1.8034165763561634 0.5 1.2688367496155366 0.5 1.6895070835990809 0.5 1.8118528149687707 0.5 1.944907877276122 0.5 1.6812161841100006 0.5 1.942688454496027 0.5 1.1680244562168476 0.5 1.9967371670233784 0.5 1.8419606622526032 0.5 1.4368326032956447 0.5 1.6996890531701832 0.5 1.5569235359758684 0.5 1.7068262026217698 0.5 1.9674328712925233 0.5 1.2721539046783592 0.5 1.655975633372202 0.5 1.1708054807441663 0.5 1.866871660179156 0.5 1.217332972270733 0.5 1.4353175879599513 0.5 1.4038780695359145 0.5 1.0651914239489924 0.5 1.6111459569283895 0.5 1.9156471283693257 0.5 1.2180877320839159 0.5 1.531490502280576 0.5 1.4793461774507008 0.5 1.299443112520335 0.5 1.5180229751947936 0.5 1.7032159337252086 0.5 1.1477060891621227 0.5 1.9401924108739101 0.5 1.287480861742802 0.5 1.8626629929233438 0.5 1.752728321119681 0.5 1.304532743518307 0.5 1.9674936240953338 0.5 1.7932003194717658 0.5 1.3942415560525043 0.5 1.0880862096770607 0.5 1.130563162689021 0.5 1.7492291555253572 0.5 1.1765834261023842 0.5 1.6666082774234972 0.5 1.7420000477437978 0.5 1.0364718771937964 0.5 1.4622808544294226 0.5 1.5756800341287627 0.5 1.156148644888952 0.5 1.2347257007609036 0.5 1.864148372507127 0.5 1.6634185603487777 0.5 1.6627066303765305 0.5 1.5175575224195317 0.5 1.6467112943345934 0.5 1.6161266605100657 0.5 1.5017628538822418 0.5 1.8686766888559803 0.5 1.3116136295421827 0.5 1.9680421731030318 0.5 1.7373503548334726 0.5 1.5302654174190202 0.5
655.3759280775978 0.5 1.4111104514961545 0.5 1.8929955319696286 0.5 1.1640770812834131 0.5 1.303770064092038 0.5 1.308837997375337 0.5 1.6612790416591534 0.5 1.3307791903902784 0.5 1.368205711695019 0.5 1.5916813284210563 0.5 1.4175188541363466 0.5 1.5188976203716704 0.5 1.3991389317583622 0.5 1.184850236414428 0.5 1.6621867130844632 0.5 1.624952044204906 0.5 1.6196419982269221 0.5 1.9167661161716127 0.5 1.8479997281683618 0.5 1.8329573786452564 0.5 1.2767730974368523 0.5 1.6613166440616107 0.5 1.4063997169602143 0.5 1.7891524405164416 0.5 1.4354698732184081 0.5 1.31754938617998 0.5 1.8102562785055325 0.5 1.8018827093503729 0.5 1.704489951853372 0.5 1.0775050876685528 0.5 1.2238527254088143 0.5 1.5354710909646998 0.5 1.9326488206763277 0.5 1.0410244587905728 0.5 1.0746449232022344 0.5 1.3688375947652547 0.5 1.6357828585911296 0.5 1.2197072146711014 0.5 1.3239328551186151 0.5 1.6109594819936661 0.5 1.2368498286387721 0.5 1.6781880998194532 0.5 1.7005721276050818 0.5 1.7665954590779305 0.5 1.306125007686143 0.5 1.850220796668014 0.5 1.5873625626026944 0.5 1.1994080899181083 0.5 1.3991085579346727 0.5 1.2320755469437947 0.5 1.0628640211178046 0.5 1.1819193133761892 0.5 1.2350659259061518 0.5 1.5353913056356283 0.5 1.2050272606191559 0.5 1.9396417535005424 0.5 1.5217893768414974 0.5 1.2505757148687158 0.5 1.442068041257724 0.5 1.9309618462785143 0.5 1.2503774313409004 0.5 1.0732058757649705 0.5 1.8439818501743193 0.5 1.6952600044670656 0.5 1.7886215281539697 0.5 1.2222862213800738 0.5 1.3152293657495384 0.5 1.7827124211069767 0.5 1.1941926798680966 0.5 1.1972932998472454 0.5 1.324229542700049 0.5 1.0169597594838122 0.5 1.029438717806267 0.5 1.9665309531394262 0.5 1.4266485579004984 0.5 1.7954839267549305 0.5 1.6305552500723235 0.5 1.0115527126255761 0.5 1.3476440675200179 0.5 1.2100570837629365 0.5 1.4347242599515684 0.5 1.8461784873238751 0.5 1.4012963332130854 0.5 1.3368836401180604 0.5 1.435186455320501 0.5 1.6135099301429945 0.5 1.4859906212157195 0.5 1.4201954471899265 0.5 1.8888124515698004 0.5 1.6757183814822794 0.5 1.2535443203678167 0.5 1.620635925470232 0.5 1.785838124189425 0.5 1.121481885838162 0.5 1.4430602768263163 0.5 1.567067461160683 0.5 1.4946167357336164 0.5 1.0661065192095878 0.5 1.4665148544106232 0.5 1.2935799036533142 0.5 1.3977165651362433 0.5 1.3439589403302372 0.5 1.7502325940836414 0.5 1.8502116593813074 0.5 1.2599960355229773 0.5
663.4987457898995 0.5 1.583033882599032 0.5 1.0734403706772806 0.5 1.4490087615354543 0.5 1.1275702227783913 0.5 1.0408660948483586 0.5 1.1740481563396474 0.5 1.5978279506809603 0.5 1.7223770567686851 0.5 1.4645400881258217 0.5 1.026733365047535 0.5 1.7001465440983439 0.5 1.2318439326945012 0.5 1.6666356358137413 0.5 1.7221015200977856 0.5 1.0089698699230456 0.5 1.6270201181644985 0.5 1.7857622605048933 0.5 1.6943431320981077 0.5 1.0847411151363395 0.5 1.1384537678191124 0.5 1.2187267653073768 0.5 1.6150368166177205 0.5 1.3271569218320256 0.5 1.7375600848948674 0.5 1.531408748538071 0.5 1.1077922086391259 0.5 1.4138456236686325 0.5 1.0017873186928057 0.5 1.2791716585314408 0.5 1.7164617445206283 0.5 1.4814225648469277 0.5 1.659726976892567 0.5 1.9238649502550804 0.5 1.90451125167462 0.5 1.2871883109059552 0.5 1.7929526607869843 0.5 1.1069663514249595 0.5 1.1834550956705139 0.5 1.8890037146439376 0.5 1.4950909727269055 0.5 1.0312540973205322 0.5 1.9532146844248486 0.5 1.7035600874903933 0.5 1.8562289636931153 0.5 1.5133320873342844 0.5 1.1672343576922217 0.5 1.683509703687578 0.5 1.863215434278199 0.5 1.6825782062131036 0.5 1.5043135494642252 0.5 1.0003337460775132 0.5 1.2322743858117982 0.5 1.5527224518427114 0.5 1.952928824346251 0.5 1.7272757934752077 0.5 1.0826991587255117 0.5 1.2509596737486857 0.5 1.6416982936736246 0.5 1.0373833305113678 0.5 1.2503661412860296 0.5 1.2138802115139158 0.5 1.376528545768486 0.5 1.0464887481881557 0.5 1.2291220929348614 0.5 1.4569356727697174 0.5 1.9589084660977443 0.5 1.5148544479341135 0.5 1.6709003799415632 0.5 1.3247035747108324 0.5 1.7830990130213786 0.5 1.4813515752115212 0.5 1.363380075313297 0.5 1.384175096970869 0.5 1.347022609707584 0.5 1.7465817985408463 0.5 1.1834560485756938 0.5 1.5448135252808823 0.5 1.4827446967338545 0.5 1.3473461496368193 0.5 1.413245796222694 0.5 1.2441307926482474 0.5 1.8665139220810532 0.5 1.3095705601947105 0.5 1.4068328180849192 0.5 1.9520908966755468 0.5 1.039647377693619 0.5 1.2455464910116834 0.5 1.8601863588175451 0.5 1.9130748844985375 0.5 1.268717223363376 0.5 1.586116519433852 0.5 1.71703977901294 0.5 1.026944475073023 0.5 1.3387686368931246 0.5 1.6574132520896732 0.5 1.5827031539644105 0.5 1.5350093267990657 0.5 1.109801106340664 0.5 1.2554427739609926 0.5 1.573623114837714 0.5 1.2463203616230492 0.5 1.2243265331238056 0.5
671.6411277738875 0.5 1.12524140365125 0.5 1.0784346432464123 0.5 1.0489780870591099 0.5 1.4120674150847008 0.5 1.8398337570510044 0.5 1.2998995039466377 0.5 1.1470334011966696 0.5 1.7309717323727294 0.5 1.2000263975613228 0.5 1.527910118732323 0.5 1.4303160991128978 0.5 1.8554921655515715 0.5 1.4308173257293206 0.5 1.9762177782049397 0.5 1.8302233214779429 0.5 1.5348215837176085 0.5 1.7813137365223781 0.5 1.3291447488991697 0.5 1.471589549734972 0.5 1.0853497416059836 0.5 1.4371792073067313 0.5 1.1251230809355455 0.5 1.5786997540975898 0.5 1.9952271578281604 0.5 1.6839746720428965 0.5 1.151367980920126 0.5 1.8686478369109225 0.5 1.4918398569258868 0.5 1.9252344906503822 0.5 1.668822772305004 0.5 1.3312023860726532 0.5 1.9496141159619151 0.5 1.7103874370711 0.5 1.5370893907601393 0.5 1.405628614627124 0.5 1.83729819275216 0.5 1.1307592093978798 0.5 1.321331186640018 0.5 1.5332151459572811 0.5 1.3744435656376015 0.5 1.5925968140736848 0.5 1.8068696605200278 0.5 1.5003275590864484 0.5 1.775040552069564 0.5 1.8941346463491033 0.5 1.4386577498999218 0.5 1.0060335543148846 0.5 1.2076465473679958 0.5 1.8442452029265264 0.5 1.3482465680211901 0.5 1.348387100318895 0.5 1.7609880474923543 0.5 1.5284768173828838 0.5 1.603607761712853 0.5 1.158818958169266 0.5 1.5710849039197916 0.5 1.9752323582072573 0.5 1.1465204985353985 0.5 1.5841610307050125 0.5 1.9288199191866435 0.5 1.8713409652976787 0.5 1.3859358802395236 0.5 1.5126870154052634 0.5 1.1157958126058531 0.5 1.089578414960225 0.5 1.7448238719547582 0.5 1.7584942259157854 0.5 1.1979725705382582 0.5 1.4589280195745369 0.5 1.2726387611046093 0.5 1.3203451504406694 0.5 1.0157853646192987 0.5 1.2536298202611076 0.5 1.8753676003211526 0.5 1.2769598531342568 0.5 1.218125629344867 0.5 1.4268482886773732 0.5 1.7435575398710448 0.5 1.2390284792245208 0.5 1.1485230941971118 0.5 1.3232841453265767 0.5 1.261058312702511 0.5 1.5133956521307077 0.5 1.0838374891557443 0.5 1.5046215849261948 0.5 1.9283513350561527 0.5 1.227959722477982 0.5 1.1335905742316514 0.5 1.839475294064113 0.5 1.1170737604897658 0.5 1.6188825066477928 0.5 1.2366864077809745 0.5 1.089952960217932 0.5 1.4508135776312163 0.5 1.742899954444736 0.5
673.1393036046117 0.5 1.1139494734276767 0.5 1.0986139244246207 0.5 1.0747821626989857 0.5 1.191751129640794 0.5 1.44842356795955 0.5 1.691913370070851 0.5 1.0785906961394987 0.5 1.9718468813774999 0.5 1.192344766251337 0.5 1.4842642679607294 0.5 1.3534731289790718 0.5 1.8532901186156985 0.5 1.4992287154672888 0.5 1.9220179000778514 0.5 1.7248863161413985 0.5 1.3741203945715195 0.5 1.4912190600573303 0.5 1.3573672173174405 0.5 1.8676547526564944 0.5 1.1075665477784478 0.5 1.5120310636989747 0.5 1.8559047373356428 0.5 1.7750847180355054 0.5 1.1975247892597347 0.5 1.4686284664490594 0.5 1.0867420383772386 0.5 1.310958249338969 0.5 1.9290403967708487 0.5 1.8391405541700232 0.5 1.2112940234202965 0.5 1.6523349718216223 0.5 1.9636357964417277 0.5 1.519971997082901 0.5 1.7270394250676897 0.5 1.8186174437545246 0.5 1.330185821317551 0.5 1.782937460136373 0.5 1.1856548556344433 0.5 1.003963648167677 0.5 1.466306564200949 0.5 1.881784415574824 0.5 1.0887910649188894 0.5 1.5315620628415965 0.5 1.4557524526660561 0.5 1.884417676706664 0.5 1.1221436727466823 0.5 1.002817662951283 0.5 1.2882191696834835 0.5 1.040782265730276 0.5 1.444629420478206 0.5 1.1141489338465225 0.5 1.6727974623380923 0.5 1.9592764571541221 0.5 1.8839134252397987 0.5 1.5581873740815357 0.5 1.7836698769357944 0.5 1.6549200029904216 0.5 1.0129803087243858 0.5 1.4944073946284717 0.5 1.593869718578449 0.5 1.9637810376395253 0.5 1.9460594916876346 0.5 1.8794804373963245 0.5 1.5235544508490675 0.5 1.0109738687556964 0.5 1.157235043055473 0.5 1.5063860591072111 0.5 1.4118628620215588 0.5 1.3931256116219712 0.5 1.0247281963220505 0.5 1.302525868415029 0.5 1.6882862547064044 0.5 1.7190126446665488 0.5 1.5309641814875432 0.5 1.7731034054006116 0.5 1.3155921254784426 0.5 1.1443166324487903 0.5 1.6134881277227973 0.5 1.3233957639881155 0.5 1.697161200103172 0.5 1.9320316314140293 0.5 1.891302964295967 0.5 1.2645487943524374 0.5 1.2275656434316624 0.5 1.0928904461739097 0.5 1.8351973611706187 0.5 1.2109562705231527 0.5 1.042470047417008 0.5 1.3504816913161148 0.5 1.612007376804232 0.5 1.6658097907868537 0.5 1.8047709203121567 0.5 1.3425403210965925 0.5 1.954593943631846 0.5 1.1667996397140157 0.5 1.875103161731118 0.5 1.637471736004414 0.5 1.7487531996944958 0.5 1.4819085622226265 0.5 1.6424574041216577 0.5 1.8966043117690932 0.5 1.8317639224211661 0.5 1.394108958113714 0.5 1.923200939650739 0.5 1.4221196338361615 0.5 1.4091535519098914 0.5 1.2279513809400475 0.5 1.3931487860344276 0.5 1.976489389811226 0.5 1.2758540060386636 0.5 1.1200683591662943 0.5
688.9249047727614 0.5 1.7702603692513859 0.5 1.9301084304490694 0.5 1.1784723046582108 0.5 1.0551102591118378 0.5 1.5465829862229692 0.5 1.5675224616720365 0.5 1.4813434306393152 0.5 1.5531194421019878 0.5 1.5315704046561145 0.5 1.774701275241544 0.5 1.6158914898013876 0.5 1.6172291731784036 0.5 1.007649670810473 0.5 1.340380766028666 0.5 1.6358392029013502 0.5 1.7779684544283647 0.5 1.5050733015959534 0.5 1.4040683674762322 0.5 1.6864793468951635 0.5 1.8773995237117775 0.5 1.9975568790895744 0.5 1.852016731898982 0.5 1.9022954138011328 0.5 1.035251919750102 0.5 1.3554210657883319 0.5 1.6273396194262637 0.5 1.3436921566838729 0.5 1.8358334480045682 0.5 1.1538186995548454 0.5 1.398662235499317 0.5 1.4397747281354571 0.5 1.7134833513145566 0.5 1.3457859394861398 0.5 1.010449890896243 0.5 1.1551088349782415 0.5 1.510361261192907 0.5 1.336757347999413 0.5 1.9053320077431883 0.5 1.1673271127628484 0.5 1.1994931385955119 0.5 1.0293956802554092 0.5 1.5578611903679034 0.5 1.5423927564023212 0.5 1.912772593298007 0.5 1.0803579769093214 0.5 1.0115078620468805 0.5 1.3616025199273651 0.5 1.2775353103180909 0.5 1.1912405666169108 0.5 1.7909617309024348 0.5 1.656016491865714 0.5 1.7600893290465294 0.5 1.9089619635134754 0.5 1.3858234864472077 0.5 1.3473584947849875 0.5 1.9571406284020192 0.5 1.0791722851979433 0.5 1.4773350563834993 0.5 1.7979592771320667 0.5 1.307265414856598 0.5 1.0290005282238268 0.5 1.058553217440567 0.5 1.633377816790305 0.5 1.7906939642662905 0.5 1.4246203978898966 0.5 1.9743435401789242 0.5 1.5790596580345073 0.5 1.243113344743398 0.5 1.442181782421145 0.5 1.6523866533635752 0.5 1.5092820398916353 0.5 1.1305412855525399 0.5 1.202412057143551 0.5 1.4163157492905198 0.5 1.9152032134222652 0.5 1.789556014863408 0.5 1.6282168018213132 0.5 1.9753040660727614 0.5 1.8514283885460592 0.5 1.873227682478713 0.5 1.4986229679976502 0.5 1.761029975287486 0.5 1.8191743048008633 0.5 1.0814382502649593 0.5 1.2248542312203887 0.5 1.6278794993579702 0.5 1.4651533184090921 0.5 1.769591603952648 0.5 1.1209044886127537 0.5 1.7140294388914996 0.5 1.9655317547805788 0.5 1.4284081545309522 0.5 1.765247091077484 0.5 1.3861417995974001 0.5 1.2830407156598276 0.5 1.5962147253884684 0.5 1.8867311627952503 0.5 1.2717659626212412 0.5 1.8275217850342127 0.5 1.8133852300228497 0.5 1.9354482123961971 0.5 1.9505287574371106 0.5 1.4227438685045612 0.5 1.7560048094190086 0.5 1.2791033181772038 0.5
691.6445416021722 0.5 1.2385142584485558 0.5 1.026065044790136 0.5 1.192653868659892 0.5 1.2898139576207144 0.5 1.35037639358365 0.5 1.6385414205328 0.5 1.4009511494925533 0.5 1.846857957705305 0.5 1.6870327753182037 0.5 1.2061016900836954 0.5 1.492252481345267 0.5 1.2130567990595083 0.5 1.6813856114360661 0.5 1.6726903194324263 0.5 1.3561707292767373 0.5 1.4828111846083405 0.5 1.0500756988941078 0.5 1.6193675575717412 0.5 1.8022382470538818 0.5 1.7528220957824492 0.5 1.935819876215387 0.5 1.6830459792950965 0.5 1.603979171611335 0.5 1.1115144702381576 0.5 1.9059940049184978 0.5 1.0046838804134435 0.5 1.9226884867194807 0.5 1.1920611247264787 0.5 1.9773297499562605 0.5 1.9419672468380873 0.5 1.7671230335058472 0.5 1.0717326691956912 0.5 1.2686767250230844 0.5 1.2535428966307431 0.5 1.8535932674042943 0.5 1.6146029923494383 0.5 1.8917413585655778 0.5 1.9027630818202859 0.5 1.214441861766204 0.5 1.4747930597438197 0.5 1.1446166541682175 0.5 1.1364749918932764 0.5 1.7226849102174215 0.5 1.2256357836043603 0.5 1.8530381967647997 0.5 1.2941059220092574 0.5 1.4548315431726677 0.5 1.3891391997255544 0.5 1.9192063028876 0.5 1.3025597743871555 0.5 1.5178190148108803 0.5 1.7673706829165692 0.5 1.652645699155614 0.5 1.7961475311287365 0.5 1.8097423291462793 0.5 1.0510475325706397 0.5 1.07624791762154 0.5 1.5217709417515572 0.5 1.7562305960907307 0.5 1.3369959312625648 0.5 1.5080001559035687 0.5 1.912472363346543 0.5 1.341054771356613 0.5 1.8223089455373833 0.5 1.3531071360446667 0.5 1.2118751268490984 0.5 1.735534214182623 0.5 1.1192718290705521 0.5 1.959859771010732 0.5 1.915273347954611 0.5 1.3802388777049606 0.5 1.3535861077726725 0.5 1.6022261099323905 0.5 1.4498677623924872 0.5 1.5273497782634358 0.5 1.7123463146190543 0.5 1.371313663989859 0.5 1.090788633263279 0.5 1.94775481658538 0.5 1.125532390157932 0.5 1.49611315666045 0.5 1.3860431717973825 0.5 1.3376264344908297 0.5 1.0441573484713738 0.5 1.3223791996858676 0.5 1.5782450499697487 0.5 1.5477465922553124 0.5 1.854051295609932 0.5 1.626241234569005 0.5 1.4987044623926096 0.5 1.2017907926016789 0.5 1.7399548201756572 0.5
696.3108712223601 0.5 1.8831054595689136 0.5 1.2243725276831525 0.5 1.4299486668893615 0.5 1.957050125072601 0.5 1.9744463083009953 0.5 1.0573133338300587 0.5 1.250837511130968 0.5 1.9209761333889506 0.5 1.3061926310996677 0.5 1.1272547628707854 0.5 1.3823267134864177 0.5 1.2018843355733608 0.5 1.8606014547756788 0.5 1.077113587290249 0.5 1.7763581753290099 0.5 1.6679551835005686 0.5 1.0213092352661444 0.5 1.16603489391336 0.5 1.2186731950973595 0.5 1.8560249849087462 0.5 1.276070312809719 0.5 1.986097390330138 0.5 1.2866754784778207 0.5 1.4293059505162002 0.5 1.279248250091951 0.5 1.6009084031865504 0.5 1.9813181162504607 0.5 1.287262440431297 0.5 1.4711100504714878 0.5 1.6035649807370755 0.5 1.8913355827376228 0.5 1.386542818583815 0.5 1.3342246980348367 0.5 1.7744207601940496 0.5 1.25232836273286 0.5 1.2684113797715235 0.5 1.5549247772413652 0.5 1.1236146804460447 0.5 1.2862170095171703 0.5 1.8517056728078654 0.5 1.3940945604215007 0.5 1.3010701342256192 0.5 1.8090280913839973 0.5 1.843829698327497 0.5 1.9750029422276523 0.5 1.6142287839834455 0.5 1.0936093665852415 0.5 1.4330812181365553 0.5 1.1077782825788738 0.5 1.9072331771731408 0.5 1.8270450402167615 0.5 1.1359586066886407 0.5 1.1096463263584482 0.5 1.2824576756062545 0.5 1.138916924636741 0.5 1.0417863088884718 0.5 1.4558272247646125 0.5 1.4478236466558645 0.5 1.2173997664716656 0.5 1.3541815228219205 0.5 1.7680879274047312 0.5 1.6536903938269325 0.5 1.6753152376805738 0.5 1.8633425039814078 0.5 1.3415631144481421 0.5 1.869057808786938 0.5 1.6123214290434538 0.5 1.9081392728736337 0.5 1.4744368063801951 0.5 1.737001171617936 0.5 1.9453544901308357 0.5 1.2754332233913364 0.5 1.6636193418147474 0.5 1.5463314942623374 0.5 1.2787987307388486 0.5 1.5724398371579362 0.5 1.5987233346888265 0.5 1.9203806810441502 0.5 1.23388412472598 0.5 1.2245458300543377 0.5 1.3926303075842328 0.5 1.5657272501130792 0.5 1.760185805495696 0.5 1.3315556570413323 0.5 1.5425747975573691 0.5 1.4825339673303848 0.5 1.5785229397213627 0.5 1.4033933993389571 0.5 1.2112158565747269 0.5 1.7955890700499042 0.5 1.2490558879005778 0.5 1.0738415181987442 0.5 1.4645850167613426 0.5 1.5574368503681675 0.5 1.4685318860559247 0.5 1.8922529350338242 0.5 1.556933382369273 0.5 1.1311504081853836 0.5 1.0752422204928398 0.5
703.0999654554298 0.5 1.7193204495072947 0.5 1.90588597145384 0.5 1.1977821303843972 0.5 1.7855243397569849 0.5 1.5508076798077375 0.5 1.8046897908211945 0.5 1.0600436284610806 0.5 1.3342435130399175 0.5 1.4037123612215807 0.5 1.064476216077196 0.5 1.802516463598526 0.5 1.128491098525135 0.5 1.7576697646599488 0.5 1.9423027780472104 0.5 1.865429728239154 0.5 1.1371999245111106 0.5 1.752112680338318 0.5 1.4917196380878002 0.5 1.4872891560817947 0.5 1.1550774159638575 0.5 1.5966495301277868 0.5 1.0513375058856322 0.5 1.7243202209109532 0.5 1.2593748805350984 0.5 1.6426358526202027 0.5 1.5813449795813643 0.5 1.486929081515406 0.5 1.0149640741748316 0.5 1.5182117656968748 0.5 1.513791760388123 0.5 1.0806131177785288 0.5 1.1585195508933748 0.5 1.9494645339008245 0.5 1.4769471567595522 0.5 1.7602973718850454 0.5 1.295187564114635 0.5 1.5137784164392807 0.5 1.8901375169411974 0.5 1.0892856436139706 0.5 1.8728078511963795 0.5 1.068546875072713 0.5 1.2984047519947863 0.5 1.514621151690481 0.5 1.3905559827228047 0.5 1.139607111538417 0.5 1.0908267366830704 0.5 1.0368814989305102 0.5 1.1879420105976286 0.5 1.122388495469988 0.5 1.886732181498573 0.5 1.249379720548385 0.5 1.286327795851685 0.5 1.6242002539398954 0.5 1.4841310046484129 0.5 1.276230250768084 0.5 1.1654861597480977 0.5 1.674921507508963 0.5 1.516163865503855 0.5 1.182914558831373 0.5 1.5908445467146954 0.5 1.442797021819651 0.5 1.9456311925127951 0.5 1.562429959537385 0.5 1.2505056336451994 0.5 1.146769670801481 0.5 1.9447760797647624 0.5 1.1421581542630441 0.5 1.6644804804997106 0.5 1.4743403166483626 0.5 1.9181025889096182 0.5 1.4689920370392875 0.5 1.7905622271445663 0.5 1.1583201918548895 0.5 1.3739289414442815 0.5 1.5782948642277073 0.5 1.1959488834596552 0.5 1.9138780149580907 0.5 1.6794802563823017 0.5 1.2400519415521671 0.5 1.0636947090219002 0.5 1.6309719272918326 0.5 1.0980641638092865 0.5 1.4001710242242382 0.5 1.750661958854552 0.5 1.3422514502298677 0.5 1.1872174238742987 0.5 1.76536631175434 0.5 1.515212995330431 0.5 1.8867484993940251 0.5 1.0856678105028337 0.5 1.5062401213891436 0.5 1.9142154309947101 0.5 1.2049800982208398 0.5 1.7878762293264798 0.5 1.3219686290143597 0.5 1.0949129386965095 0.5 1.2507415365635353 0.5 1.4750557051398394 0.5 1.477024015935027 0.5 1.469967359199623 0.5 1.924602881650456 0.5 1.0866696195363854 0.5 1.7318633552767464 0.5 1.4093685954093513 0.5 1.8097018819355428 0.5 1.4028340140486206 0.5 1.423615550807436 0.5 1.7558923135017637 0.5 1.4522306556906734 0.5 1.2569513259837568 0.5 1.512834781471704 0.5 1.9315115575573967 0.5 1.0568859801454074 0.5 1.9066446717189995 0.5
749.5026414124808 0.5 1.5754670066117122 0.5 1.6748272367563959 0.5 1.4539329781911632 0.5 1.8537658819499658 0.5 1.6352200773895298 0.5 1.8452601565574378 0.5 1.100017380279046 0.5 1.2411958842409616 0.5 1.272112518424425 0.5 1.3556250451564544 0.5 1.385651020518818 0.5 1.7587084050431772 0.5 1.3456212043090627 0.5 1.7319104278679964 0.5 1.2554701767706573 0.5 1.9464873643409306 0.5 1.7666058133193947 0.5 1.297231974532913 0.5 1.6792407899696258 0.5 1.9479462671951615 0.5 1.178549545922901 0.5 1.5710136174690825 0.5 1.8062233623183164 0.5 1.5810437094448444 0.5 1.7196903389147757 0.5 1.4682514723772306 0.5 1.5524571364770487 0.5 1.1107638575727563 0.5 1.4304332729713738 0.5 1.0104165670876317 0.5 1.9964015090177611 0.5 1.8524039971427504 0.5 1.0175000368465947 0.5 1.9774331370931937 0.5 1.3024861397478849 0.5 1.1291563161174079 0.5 1.189039332853271 0.5 1.4832125271657668 0.5 1.6495394968040253 0.5 1.4280029473575557 0.5 1.647818107107827 0.5 1.5263857827939868 0.5 1.075977942847255 0.5 1.576108386642575 0.5 1.2763844203297743 0.5 1.9849952098139028 0.5 1.7273790852396589 0.5 1.9148699090100658 0.5 1.2471518023999242 0.5 1.886742480705896 0.5 1.221406282689538 0.5 1.4159311833171733 0.5 1.3003667131383136 0.5 1.71030859748906 0.5 1.5551139217650871 0.5 1.7023773528793313 0.5 1.9320971995572718 0.5 1.3714372110745687 0.5 1.657959538362811 0.5 1.8354273370005392 0.5 1.815364717688543 0.5 1.11887620947503 0.5 1.7737790515772658 0.5 1.465654566589333 0.5 1.7936193083908876 0.5 1.486775554254565 0.5 1.3495782043510545 0.5 1.9422105499448878 0.5 1.6075694986839273 0.5 1.1651393550622724 0.5 1.4847089339411232 0.5 1.1432726506139226 0.5 1.8187371796777858 0.5 1.0371451066728192 0.5 1.4447641558575153 0.5 1.2058422147085686 0.5 1.0185772467413932 0.5 1.0471152544566968 0.5 1.190790909526994 0.5 1.689117948624395 0.5 1.1341104313129424 0.5 1.4412086588365511 0.5 1.7830832208144385 0.5 1.4915191121891351 0.5 1.49706978237532 0.5 1.2004590106703428 0.5 1.0107481281362984 0.5 1.1052487222007081 0.5 1.2757538121002323 0.5 1.4766302508153022 0.5 1.2952629942453495 0.5 1.1772082587553876 0.5 1.1082468434811612 0.5
751.2362482840723 0.5 1.8696142104433449 0.5 1.5755329793414874 0.5 1.1033970108126174 0.5 1.1851660599624283 0.5 1.043190228129445 0.5 1.3686466677814575 0.5 1.1612033716607888 0.5 1.9602263492707985 0.5 1.1495954695725565 0.5 1.3101685774603418 0.5 1.7665628768340058 0.5 1.3592280169989404 0.5 1.0972246101872156 0.5 1.8932273067310508 0.5 1.877628601876745 0.5 1.5872068989002723 0.5 1.6419695794552713 0.5 1.088714710230506 0.5 1.427253498086734 0.5 1.6283784242622725 0.5 1.2384369931141825 0.5 1.6830128015641435 0.5 1.4580133729732903 0.5 1.262934191930962 0.5 1.0907534912288273 0.5 1.1917389403681224 0.5 1.0479480836815678 0.5 1.908859199689792 0.5 1.271171990143432 0.5 1.206579123336581 0.5 1.8163687526037315 0.5 1.9582167776431385 0.5 1.6982564762372272 0.5 1.3070674026245177 0.5 1.0439620093668445 0.5 1.858700617029528 0.5 1.548484440151194 0.5 1.406876271973015 0.5 1.1390144243725357 0.5 1.4500711730929785 0.5 1.6538122311902117 0.5 1.2042705166265 0.5 1.7815001863052882 0.5 1.9789036589685725 0.5 1.5933143443242819 0.5 1.569545804081518 0.5 1.3980651827880886 0.5 1.2491844779743086 0.5 1.0552462574067543 0.5 1.9784344492735921 0.5 1.7137234998527593 0.5 1.924134540367453 0.5 1.955238832793623 0.5 1.5241969398214614 0.5 1.4590951345268668 0.5 1.2063475298390132 0.5 1.9353067877449428 0.5 1.8691429052752127 0.5 1.8552393064281283 0.5 1.5614360212629768 0.5 1.606679116783621 0.5 1.877497151859864 0.5 1.0016258856343843 0.5 1.4242466198752681 0.5 1.9753164098558704 0.5 1.6351292138371178 0.5 1.289099400191367 0.5 1.2339380018573043 0.5 1.2770065581000294 0.5 1.0698254410186032 0.5 1.172554037004474 0.5 1.6032093856257614 0.5 1.5390496778207978 0.5 1.8882554139288423 0.5 1.4998397631156872 0.5 1.4841095606755297 0.5 1.4645197419262905 0.5 1.9637866435215656 0.5 1.9633092267998964 0.5 1.7782839911294979 0.5 1.7531962463029038 0.5 1.8310778723697507 0.5 1.2742665389497323 0.5 1.236780371133308 0.5 1.1072480413946142 0.5 1.296025139681504 0.5 1.9090111296982777 0.5 1.5696319353551593 0.5 1.9205501917507335 0.5 1.3072956960113504 0.5
754.1370274987568 0.5 1.676052528664453 0.5 1.0056637670590134 0.5 1.0540932985158542 0.5 1.03444243770073 0.5 1.8321366502422856 0.5 1.1120761105724828 0.5 1.9744797480761547 0.5 1.6159867528251213 0.5 1.8306267882255125 0.5 1.7361158647045818 0.5 1.5566689612188265 0.5 1.9970334465726185 0.5 1.438680485805934 0.5 1.596394367315626 0.5 1.6601598960423414 0.5 1.248437609125495 0.5 1.6352949990992496 0.5 1.3356146377529563 0.5 1.1116497597783557 0.5 1.1296374550144666 0.5 1.979878261627358 0.5 1.0823863664806856 0.5 1.8208168944700804 0.5 1.6930061748271754 0.5 1.869153362346898 0.5 1.8250592937246077 0.5 1.5919084883093901 0.5 1.1238421669090153 0.5 1.370297863552127 0.5 1.8239068187079355 0.5 1.5408370885797908 0.5 1.4529613808251165 0.5 1.8044814810360048 0.5 1.6765576875396162 0.5 1.3920560957077655 0.5 1.9468429047203388 0.5 1.446525962839662 0.5 1.2538891339291007 0.5 1.5572807088779506 0.5 1.5447646831516 0.5 1.0681233350656982 0.5 1.0950254000156527 0.5 1.4884195284750212 0.5 1.301568975678938 0.5 1.094694186534078 0.5 1.8926712085565085 0.5 1.073125233650905 0.5 1.679474804982684 0.5 1.2714410271370968 0.5 1.524149953786715 0.5 1.9221207781338423 0.5 1.3174796856359325 0.5 1.9769136039407056 0.5 1.2550927066675799 0.5 1.474939959553832 0.5 1.1293129054646287 0.5 1.58684094687774 0.5 1.3646165385703748 0.5 1.5546609600143544 0.5 1.751486891052732 0.5 1.6894335685224817 0.5 1.6178684762059494 0.5 1.4183039596915128 0.5 1.438747174830853 0.5 1.5913472022021358 0.5 1.3343826680910666 0.5 1.9571745490642036 0.5 1.098268545119118 0.5 1.9269481243553486 0.5 1.7912787919360058 0.5 1.3091567018597066 0.5 1.8646072491610834 0.5 1.4167399119008037 0.5 1.133572865166096 0.5 1.462113677744557 0.5 1.9954599739187964 0.5 1.0065662543922755 0.5 1.3642449544914501 0.5 1.344563392113086 0.5
766.0869380934438 0.5 1.7419724542981738 0.5 1.8834318386167532 0.5 1.8411479263872255 0.5 1.4025338039969704 0.5 1.0535500517645295 0.5 1.750140905559701 0.5 1.0757858364299526 0.5 1.5946484501293916 0.5 1.6505467295368208 0.5 1.4772785953078644 0.5 1.3575558857007621 0.5 1.4561018998870319 0.5 1.880844107649303 0.5 1.0593486268111332 0.5 1.7287663351018825 0.5 1.0976218192870126 0.5 1.0269761558482173 0.5 1.4113112319700707 0.5 1.3646976884862791 0.5 1.4585347305019893 0.5 1.5578460832078478 0.5 1.8926866022361843 0.5 1.3487127577041673 0.5 1.6171633627798503 0.5 1.20462229023326 0.5 1.0626143288369754 0.5 1.738920541829676 0.5 1.1931045427133362 0.5 1.4018448361338287 0.5 1.3229680209052783 0.5 1.493494082394966 0.5 1.1973568237487888 0.5 1.1153297877149977 0.5 1.8293638453185532 0.5 1.975708206560403 0.5 1.3965584542336202 0.5 1.8211396190439897 0.5 1.3330631691694297 0.5 1.0753891586123328 0.5 1.7205768963413748 0.5 1.1380548614602009 0.5 1.5680840883824398 0.5 1.1803398793300761 0.5 1.814265529106355 0.5 1.2053541423764358 0.5 1.1187129838636558 0.5 1.8758642842720703 0.5 1.4575453150573967 0.5 1.1938403955461587 0.5 1.53807667645775 0.5 1.043832621235808 0.5 1.0705156009030579 0.5 1.2669247740686211 0.5 1.0242043339587836 0.5 1.4033063049327081 0.5 1.5596593540920551 0.5 1.32204142839944 0.5 1.1664395791233042 0.5 1.870659907555602 0.5 1.2134570750198685 0.5 1.17161249298811 0.5 1.8678392030706972 0.5 1.526275038615644 0.5 1.7691090458231487 0.5 1.2787299974216684 0.5 1.0265656604956295 0.5 1.7803461012692812 0.5 1.3197156325620758 0.5 1.562686093047279 0.5 1.1742004869664677 0.5 1.8528388308033896 0.5 1.1269769219084234 0.5 1.4255004173696482 0.5 1.1450926335506315 0.5 1.9715917253342303 0.5 1.0872294784947645 0.5 1.6400904466844408 0.5 1.955408862209712 0.5 1.8585179199529602 0.5 1.3928530388364768 0.5 1.0694779070118408 0.5 1.8703539177200454 0.5 1.850025837223619 0.5 1.1764755802571134 0.5 1.0078848598154022 0.5 1.2750811210002118 0.5
776.5690538734641 0.5 1.728388806158041 0.5 1.0159841163456924 0.5 1.9180419625677951 0.5 1.0484986653383834 0.5 1.5505717934716174 0.5 1.3549916502277108 0.5 1.0176923845000794 0.5 1.674011027336027 0.5 1.6549848365134032 0.5 1.135970353973935 0.5 1.2812903194089218 0.5 1.8418895146795857 0.5 1.5736672302998 0.5 1.8975982509675433 0.5 1.116087462521625 0.5 1.2142556399938949 0.5 1.8010310189323722 0.5 1.2538562832591778 0.5 1.368434996927566 0.5 1.728959196932868 0.5 1.7356659807448147 0.5 1.124358331015901 0.5 1.6167588343548958 0.5 1.0873897041386549 0.5 1.0397077436727504 0.5 1.610689693412683 0.5 1.9164135282981212 0.5 1.5345957873194287 0.5 1.0851783658078968 0.5 1.6766968798970137 0.5 1.6252728267433403 0.5 1.8608580296597084 0.5 1.0275470947480607 0.5 1.0196411622906516 0.5 1.3538173750710063 0.5 1.1473958602963759 0.5 1.21434698608738 0.5 1.536388302633568 0.5 1.1215356421739018 0.5 1.9339382402322416 0.5 1.0346630796009326 0.5 1.279229173065057 0.5 1.583434198429333 0.5 1.2981282503876455 0.5 1.3168389591402456 0.5 1.6507173530669252 0.5 1.9441484848512407 0.5 1.4264103939805952 0.5 1.9554282418293278 0.5 1.274410785190351 0.5 1.4872961551711326 0.5 1.8935786352947814 0.5 1.3122485886742088 0.5 1.6171267731507377 0.5 1.5684841117764472 0.5 1.065338105523646 0.5 1.978827502936688 0.5 1.0524367677980546 0.5 1.3190726329164537 0.5 1.4255251155406246 0.5 1.4312336653664985 0.5 1.3294520391922025 0.5 1.3105245469124074 0.5 1.5512152751048327 0.5 1.8454367553398079 0.5 1.1852823389384386 0.5 1.711990822562091 0.5 1.9422317681977477 0.5 1.314476817247267 0.5 1.6417934038574775 0.5 1.9796176508034775 0.5 1.5897269735281725 0.5 1.8514214059999303 0.5 1.2805849540882366 0.5 1.7795278707880309 0.5 1.3105489706263147 0.5 1.0824524298024354 0.5 1.2306871595407878 0.5 1.8176317178672563 0.5 1.8510271779755436 0.5 1.186415453182868 0.5 1.400579589199849 0.5 1.5483110459879055 0.5 1.5228559481530133 0.5 1.573263283769334 0.5 1.4549888300779859 0.5 1.7750843222677881 0.5 1.0303108735578246 0.5 1.7571314640465203 0.5 1.173510373136758 0.5 1.9174916755114961 0.5 1.7330744826708313 0.5 1.7979891266681718 0.5 1.483543366081407 0.5 1.1287718684504107 0.5 1.107133745034428 0.5 1.0413455295078151 0.5 1.9782898988936455 0.5 1.569033812120661 0.5 1.3871326108250224 0.5 1.2147912448446567 0.5 1.9111878467536623 0.5 1.7511899681280245 0.5 1.2802523773760974 0.5 1.759117556244688 0.5 1.542445629927962 0.5 1.3457059656618595 0.5
802.3715883549243 0.5 1.6237408057726537 0.5 1.208094645113391 0.5 1.6371764214030553 0.5 1.5054981445703528 0.5 1.538699193275589 0.5 1.6882596712217048 0.5 1.128602599044576 0.5 1.2562092635520794 0.5 1.5537968251857524 0.5 1.175190532780955 0.5 1.6698103267059334 0.5 1.2389289534404964 0.5 1.2997428379102414 0.5 1.3400738488763717 0.5 1.2574269451029765 0.5 1.9137269047792178 0.5 1.566810358597721 0.5 1.3181989210030127 0.5 1.958866969259896 0.5 1.9242196800359537 0.5 1.5238821633584887 0.5 1.6335097173837072 0.5 1.164541196100234 0.5 1.3985056478638356 0.5 1.93403606939403 0.5 1.9349151008036327 0.5 1.5278453382247528 0.5 1.389011864026529 0.5 1.612052537341794 0.5 1.1694049194181233 0.5 1.1243377724981753 0.5 1.91877769472012 0.5 1.8038807302232112 0.5 1.2800564829911043 0.5 1.3647440896669325 0.5 1.3425942441406624 0.5 1.0644805578796035 0.5 1.6596875124690378 0.5 1.3896205281881486 0.5 1.9923338723404753 0.5 1.287276928787557 0.5 1.6537031514595197 0.5 1.8664368071744544 0.5 1.4996077591136818 0.5 1.117221004734346 0.5 1.2285612671421546 0.5 1.030836507815823 0.5 1.1586789760214373 0.5 1.7476327006842642 0.5 1.0959723245464108 0.5 1.6369288934971542 0.5 1.0298026874787432 0.5 1.7921965218856073 0.5 1.6783336776756408 0.5 1.436630002550372 0.5 1.3021513804798106 0.5 1.1350556006116044 0.5 1.570131776614649 0.5 1.2259274216850684 0.5 1.0009318258409508 0.5 1.2497678955375597 0.5 1.9618281824492483 0.5 1.7297620582529893 0.5 1.796805441320275 0.5 1.0129218808293365 0.5 1.0517496008681602 0.5 1.6870392121613653 0.5 1.695538822812394 0.5 1.2133808949653575 0.5 1.6554759148179992 0.5 1.4754157768026774 0.5 1.8098714170851251 0.5 1.4341032295197516 0.5 1.457714884158829 0.5 1.851787181777235 0.5 1.3841180964849715 0.5 1.1718205208441874 0.5 1.0457404203548375 0.5 1.2404106235435735 0.5 1.4546346351895738 0.5 1.359316990241758 0.5 1.192284398109869 0.5 1.8653492233151738 0.5 1.9809367802324491 0.5 1.2787554907081562 0.5 1.6373988494992866 0.5 1.2888144829669232 0.5
809.1017506709328 0.5 1.3841039722113844 0.5 1.0763264449122034 0.5 1.9967994627630028 0.5 1.6990405445284735 0.5 1.2832880036748442 0.5 1.3122362472718587 0.5 1.0443355109774215 0.5 1.47940722646711 0.5 1.5333470729176164 0.5 1.339981159481685 0.5 1.8744722746186384 0.5 1.6835510198446353 0.5 1.8997614443627855 0.5 1.7143168107487634 0.5 1.145950560047849 0.5 1.0660871675824026 0.5 1.7316409162641464 0.5 1.1032243730271145 0.5 1.258451515502268 0.5 1.1119538997302845 0.5 1.791560863086512 0.5 1.9018604258252845 0.5 1.5946533959469453 0.5 1.8870518721624046 0.5 1.9907584394471316 0.5 1.0053807907965955 0.5 1.914311082151666 0.5 1.9393456606214585 0.5 1.5633484061456517 0.5 1.5026696004847577 0.5 1.5026849126785469 0.5 1.1584885599832433 0.5 1.3041218335865032 0.5 1.5563125844810286 0.5 1.5814362743387391 0.5 1.3139334903639686 0.5 1.4452949867981189 0.5 1.5820380084463506 0.5 1.3044674068303812 0.5 1.5155344503801906 0.5 1.4600789691526965 0.5 1.951407829443783 0.5 1.4467737619884398 0.5 1.8663314996939522 0.5 1.8905631814059058 0.5 1.4580653508749055 0.5 1.0489586189121183 0.5 1.398362995738283 0.5 1.9923910864829555 0.5 1.1961627574317695 0.5 1.8293090759584694 0.5 1.6653559544041534 0.5 1.639932239029334 0.5 1.9996778411484797 0.5 1.0052371888296383 0.5 1.3500947564890344 0.5 1.3467405871785874 0.5 1.507956260433517 0.5 1.5326299893026025 0.5 1.895783130061095 0.5 1.1140326093492718 0.5 1.9918347710257116 0.5 1.6336486333191247 0.5 1.078201119429301 0.5 1.4784219517482515 0.5 1.0140948957222817 0.5 1.3249240530299464 0.5 1.6682464216660953 0.5 1.7232096138462274 0.5 1.90500517034992 0.5 1.2941844884738671 0.5 1.1847638890593477 0.5 1.0297268190396989 0.5 1.5662961524319763 0.5 1.9393370746642224 0.5 1.7888479432531503 0.5 1.5619735446957976 0.5 1.913180462803568 0.5 1.6542113373135259 0.5 1.35924853024558 0.5 1.9542387449079321 0.5 1.8511231828534345 0.5 1.6256279982286057 0.5 1.6930674770821663 0.5 1.6985952250744898 0.5 1.1914023377032517 0.5 1.601777154173087 0.5 1.5506241185489766 0.5 1.3868921348013012 0.5 1.7703907188538945 0.5 1.15410556386751 0.5 1.7882064490671783 0.5 1.4021072233854515 0.5 1.1859810774292132 0.5 1.3194990109442033 0.5 1.2416005571014272 0.5 1.1289329605492906 0.5 1.1802576703660002 0.5 1.5372732466458494 0.5 1.9548196814016239 0.5 1.8743595140516687 0.5 1.4089499526391838 0.5 1.3531617796123068 0.5 1.8183327572619699 0.5 1.1101118920686175 0.5 1.8447507374086882 0.5 1.3339234325075848 0.5 1.0967714847377545 0.5 1.1767498776485472 0.5 1.8415481411235066 0.5 1.3737361221216373 0.5 1.780025933785693 0.5 1.1686466217241176 0.5 1.7728313856564135 0.5
812.7089252179952 0.5 1.067547958063881 0.5 1.1210438825697562 0.5 1.0499164036152528 0.5 1.1905247511113783 0.5 1.193108495890341 0.5 1.4475297602606578 0.5 1.6202891312681686 0.5 1.5977034119415414 0.5 1.4465716701783098 0.5 1.7708048618090673 0.5 1.5265901200095677 0.5 1.5204173194190407 0.5 1.2278735209370943 0.5 1.9501048717271363 0.5 1.8937007392905312 0.5 1.1936192311574874 0.5 1.2699827271882493 0.5 1.307003961254881 0.5 1.421660273841781 0.5 1.9117397885534353 0.5 1.0934679763122404 0.5 1.140577410108692 0.5 1.723196257898622 0.5 1.7636893553091413 0.5 1.5433334728703043 0.5 1.8927009492146314 0.5 1.003207863788162 0.5 1.984008844538668 0.5 1.9345134589386954 0.5 1.8037239830944936 0.5 1.4440218214310305 0.5 1.300310317694211 0.5 1.8375851596780022 0.5 1.1263328361985057 0.5 1.558647501173425 0.5 1.5729684186905153 0.5 1.6814394916913287 0.5 1.3267815917771306 0.5 1.5191005413912475 0.5 1.5129531267928398 0.5 1.395818406010249 0.5 1.9039777526004196 0.5 1.5166771022760552 0.5 1.680198407411856 0.5 1.7083558661155775 0.5 1.1548842651176552 0.5 1.0983515208609105 0.5 1.9112626962125034 0.5 1.3786165762489344 0.5 1.1727706406791776 0.5 1.4616418381123903 0.5 1.0315689847399583 0.5 1.643700285818268 0.5 1.1189337710969198 0.5 1.1284657160421936 0.5 1.2148630316358344 0.5 1.729908083163782 0.5 1.4396688325846336 0.5 1.3680627011243738 0.5 1.2187157052450162 0.5 1.7326740754345042 0.5 1.5987063330606508 0.5 1.146300972928124 0.5 1.7616160871532045 0.5 1.3770859756831015 0.5 1.9457598806286582 0.5 1.0041096393908433 0.5 1.1883385597093592 0.5 1.4139536140092206 0.5 1.5644314000355626 0.5 1.58724165106562 0.5 1.8417219317314528 0.5 1.0255993780941954 0.5 1.9366781265789008 0.5 1.6246259446478675 0.5 1.4100669157513064 0.5 1.911547815393448 0.5 1.8816241181276232 0.5 1.008074836619137 0.5 1.2304087397772159 0.5 1.4450578893007453 0.5 1.042710216495157 0.5 1.3795476672566171 0.5 1.7456415145097763 0.5 1.8098342852608489 0.5 1.7309374146220327 0.5
815.8129541073577 0.5 1.9171422244813423 0.5 1.5221696360394832 0.5 1.8814632630734134 0.5 1.8348667532625025 0.5 1.9830669231807923 0.5 1.3788638849556762 0.5 1.019177052172088 0.5 1.3728276752731656 0.5 1.4006439009688183 0.5 1.6490556744226454 0.5 1.1749584003014826 0.5 1.9776235044011925 0.5 1.640862455946598 0.5 1.794346004000723 0.5 1.5872986912977258 0.5 1.2953816030925043 0.5 1.8182066542741406 0.5 1.8370849031579406 0.5 1.286121830265261 0.5 1.152284822405945 0.5 1.0206590557567954 0.5 1.1625667181656105 0.5 1.8987861968580702 0.5 1.1722813328057922 0.5 1.7360918456247916 0.5 1.8109276351745416 0.5 1.392544971640095 0.5 1.1023130058631896 0.5 1.0760640324138258 0.5 1.6521893962869374 0.5 1.4866491389079237 0.5 1.9070387881599404 0.5 1.802199473234149 0.5 1.8184801376365471 0.5 1.9895298684806617 0.5 1.6030988607074979 0.5 1.367239487282013 0.5 1.5244458103237388 0.5 1.1209073896925055 0.5 1.3524445890974104 0.5 1.31532458852246 0.5 1.578896480569472 0.5 1.7478846909980688 0.5 1.1740706755160093 0.5 1.6035810968363533 0.5 1.6321848200268203 0.5 1.1639479899680256 0.5 1.9478500611922724 0.5 1.3945749243821117 0.5 1.452341067092283 0.5 1.3626755818907683 0.5 1.1348171384313641 0.5 1.8606681740785256 0.5 1.8871378324867418 0.5 1.1027974158470726 0.5 1.5760971616384738 0.5 1.8967813270696796 0.5 1.4486676326244883 0.5 1.9644639359114453 0.5 1.5717714400114464 0.5 1.5818328359001819 0.5 1.0692134214785143 0.5 1.611448068885601 0.5 1.1015815410636807 0.5 1.4589461151849696 0.5 1.230755987640337 0.5 1.8715223981436122 0.5 1.4055997312336113 0.5 1.6958772467928611 0.5 1.6788870764879609 0.5 1.180220037317505 0.5 1.3754917148517443 0.5 1.6548410008718895 0.5 1.5077797348756494 0.5 1.6319619575568485 0.5 1.01219275837615 0.5 1.6820432439622537 0.5 1.2964457532047862 0.5 1.740099932194987 0.5 1.1138239981577187 0.5 1.6049325614989776 0.5 1.1537768368644883 0.5 1.149789349592028 0.5 1.7952279698096594 0.5 1.0895185692024951 0.5 1.4321660196369672 0.5 1.2809695176746367 0.5 1.150129235237001 0.5 1.285905405301292 0.5 1.4447010176490371 0.5 1.534889019599583 0.5 1.5361012783291526 0.5 1.8563297054282453 0.5
831.2017063818317 0.5 1.6673147517156863 0.5 1.1473335395773132 0.5 1.196976645900457 0.5 1.4307657251410766 0.5 1.3719289195563227 0.5 1.1653141936406108 0.5 1.9119642760635747 0.5 1.5221592002016182 0.5 1.3264536193465202 0.5 1.7873769277598455 0.5 1.4762276068702853 0.5 1.0134525290308365 0.5 1.7334441412267332 0.5 1.3692527193515822 0.5 1.456449354631638 0.5 1.3963985096000644 0.5 1.0483323767825157 0.5 1.5742248315596628 0.5 1.7215807070256859 0.5 1.274114755307676 0.5 1.1273733258582315 0.5 1.9353226237694443 0.5 1.4488223410823864 0.5 1.3875294712715047 0.5 1.0834639444213554 0.5 1.6367158042811178 0.5 1.4859079760542078 0.5 1.3979194329413551 0.5 1.105277587983196 0.5 1.8904803873437128 0.5 1.9592477520986562 0.5 1.7152364978296286 0.5 1.640684691302301 0.5 1.1302431393278696 0.5 1.3040587850806473 0.5 1.2420368232907026 0.5 1.5308679560388594 0.5 1.3722697539326552 0.5 1.1630270605049833 0.5 1.7933296790868871 0.5 1.5693168249606315 0.5 1.1177948390517365 0.5 1.140452131096147 0.5 1.1707620943622086 0.5 1.9285402190960772 0.5 1.8577902772923887 0.5 1.0772677128377361 0.5 1.840574272995437 0.5 1.0173905548761937 0.5 1.7578803334505089 0.5 1.045041705435601 0.5 1.612076186259114 0.5 1.291657534175528 0.5 1.8550259194226082 0.5 1.2568301117336607 0.5 1.396857024906653 0.5 1.9811629056319129 0.5 1.5206307265597965 0.5 1.098652608632696 0.5 1.120674934671111 0.5 1.0280823943146533 0.5 1.7497349546669303 0.5 1.7123790150073688 0.5 1.8322760379553396 0.5 1.553119426900539 0.5 1.4236887295749838 0.5 1.9906685569375515 0.5 1.0613648160821607 0.5 1.2701388257487638 0.5 1.3946541398579706 0.5 1.3789003155013737 0.5 1.9583034838104458 0.5 1.6192205821178969 0.5 1.8772691582207184 0.5 1.7165275917453022 0.5 1.2990559370146961 0.5 1.7236321515689088 0.5 1.8966032996872153 0.5 1.4244860912244728 0.5 1.771591611952946 0.5 1.3980454635767827 0.5 1.748891562051197 0.5 1.4612264131943737 0.5 1.3235223752823422 0.5 1.8026861173350914 0.5 1.8544030337282398 0.5 1.8772171638253994 0.5 1.377062745773763 0.5 1.472887143042284 0.5 1.7933092234408357 0.5 1.174465323724757 0.5 1.3988604597781245 0.5 1.5029754970740807 0.5 1.4532679524925802 0.5
852.3367497142658 0.5 1.6309178570648102 0.5 1.423650319074166 0.5 1.8672523059544952 0.5 1.8833910253340425 0.5 1.1964384805395551 0.5 1.7595786380850291 0.5 1.7001296637743417 0.5 1.6108234938630153 0.5 1.897843837386811 0.5 1.5471108145629415 0.5 1.187657666484001 0.5 1.650693266141051 0.5 1.7346704289554324 0.5 1.7628606992507256 0.5 1.1164337218419673 0.5 1.6677759463423125 0.5 1.8549795326015164 0.5 1.9628985297344208 0.5 1.5694581956089944 0.5 1.093876095490991 0.5 1.8633713271944938 0.5 1.7329879185101316 0.5 1.2516902691070961 0.5 1.7285555480396284 0.5 1.8924972987884823 0.5 1.9062978599799094 0.5 1.9129876996103508 0.5 1.2311693856952917 0.5 1.3792005883405927 0.5 1.2655700664988936 0.5 1.2262655213160296 0.5 1.0398857187008348 0.5 1.7712754380202331 0.5 1.3678447610337374 0.5 1.2481820488072368 0.5 1.9048131879699044 0.5 1.8795789320943117 0.5 1.552675601960922 0.5 1.3758535367920297 0.5 1.8695653776301284 0.5 1.8881739850590673 0.5 1.8793963192825878 0.5 1.5781098761644614 0.5 1.2955507022439248 0.5 1.2256260873956655 0.5 1.636143034008358 0.5 1.777958824683344 0.5 1.152699718961947 0.5 1.1841218824132578 0.5 1.719738239433915 0.5 1.396570091100114 0.5 1.7419148709589258 0.5 1.2778286150970601 0.5 1.4581550776378478 0.5 1.5284930529901162 0.5 1.8515404861797173 0.5 1.5093128117332155 0.5 1.755974546383107 0.5 1.9522171967377413 0.5 1.8908248383478568 0.5 1.6035076230028316 0.5 1.9443305148886614 0.5 1.937324712347123 0.5 1.66736956563408 0.5 1.5038579672943178 0.5 1.9634612162283918 0.5 1.498127965458687 0.5 1.7213438288666625 0.5 1.2658409313175905 0.5 1.6865092876875436 0.5 1.0670503960388489 0.5 1.845841159643435 0.5 1.2882810556066409 0.5 1.9355997685247814 0.5 1.616199269258689 0.5 1.0605793877113716 0.5 1.7468466742512265 0.5 1.948972600557413 0.5 1.3154595039042623 0.5 1.8485213643313627 0.5 1.33563089917306 0.5 1.9593601439675246 0.5 1.5756227448388564 0.5 1.2861862576628855 0.5 1.2483349461808522 0.5 1.3471293068007164 0.5 1.131690337958172 0.5 1.4977504838296865 0.5
852.3826998750455 0.5 1.9986483674999733 0.5 1.2365993352417173 0.5 1.9624450836601248 0.5 1.776464180343236 0.5 1.10681254746607 0.5 1.91581222803259 0.5 1.1400923334964415 0.5 1.9071113542631766 0.5 1.0220390969500213 0.5 1.4233975579092513 0.5 1.1951696301344081 0.5 1.7846247463361813 0.5 1.3522650841786557 0.5 1.797858767143698 0.5 1.1459437234614978 0.5 1.2029826627653422 0.5 1.4630293857228378 0.5 1.1901036158728333 0.5 1.27469220050811 0.5 1.1369750441453563 0.5 1.7723193474258383 0.5 1.1390858371201684 0.5 1.2409295866065504 0.5 1.8352520596760478 0.5 1.5981952405023507 0.5 1.9137303476103629 0.5 1.8575868998284528 0.5 1.074257927323778 0.5 1.1068872456109293 0.5 1.0691130617303286 0.5 1.8678182133653207 0.5 1.780681739224542 0.5 1.8639735295356368 0.5 1.6955670794993973 0.5 1.203911279325309 0.5 1.8466423958779878 0.5 1.9301262488873554 0.5 1.7091597773753961 0.5 1.1628062498216813 0.5 1.6454074993321206 0.5 1.975350074580565 0.5 1.7374269962100877 0.5 1.4279331292511326 0.5 1.6768042661005071 0.5 1.9971692450932257 0.5 1.994993469960403 0.5 1.155519406262983 0.5 1.607989174884091 0.5 1.7648676814395121 0.5 1.2898482151834412 0.5 1.6175945700775833 0.5 1.0404352912871135 0.5 1.4391063043442243 0.5 1.2821410840908993 0.5 1.2603097467650781 0.5 1.2512119694369614 0.5 1.4556532955473562 0.5 1.1225207321216546 0.5 1.6400675084545202 0.5 1.6797413980426708 0.5 1.9306903501830424 0.5 1.476692654945205 0.5 1.8845342967677767 0.5 1.680452013049934 0.5 1.5633180101684176 0.5 1.605859087698998 0.5 1.8599786825651836 0.5 1.2717343478971501 0.5 1.3300007542373244 0.5 1.4409061578628761 0.5 1.6368034177355466 0.5 1.8274412148009138 0.5 1.312129450852244 0.5 1.1388844589164484 0.5 1.4649435312740091 0.5 1.9952803300598498 0.5 1.6702486279720357 0.5 1.3152608714110139 0.5 1.5976474952413762 0.5 1.823391519743564 0.5 1.284387345323775 0.5 1.1300673250710127 0.5 1.2492948163188622 0.5 1.9988424603091373 0.5 1.9382572046071387 0.5 1.972812863906382 0.5 1.1569025738630656 0.5 1.3195150282730426 0.5 1.698718923280658 0.5 1.5644291583835508 0.5 1.8727840500577646 0.5 1.6680328690192847 0.5 1.6652327269185465 0.5 1.4229747826487045 0.5 1.686996470934642 0.5 1.9412562290786972 0.5 1.1187856916183812 0.5 1.114497623853015 0.5 1.014973627484759 0.5 1.3820272084393541 0.5 1.8299765122763514 0.5 1.4326940600287443 0.5 1.8031351638279292 0.5 1.2023650139780921 0.5 1.6016714089505402 0.5 1.8936219254758173 0.5
853.1691026106677 0.5 1.2086462207956359 0.5 1.4089782304826575 0.5 1.7272817177967301 0.5 1.120577349297254 0.5 1.6422132780923575 0.5 1.7525300514543385 0.5 1.3798653011573752 0.5 1.9143625212764246 0.5 1.6339179635741174 0.5 1.7730745025059393 0.5 1.929576804371456 0.5 1.475731747375673 0.5 1.2309857000984186 0.5 1.4731050051795966 0.5 1.8686395390648776 0.5 1.136660331117016 0.5 1.9298784815405448 0.5 1.0923515111060624 0.5 1.4262816777560412 0.5 1.0663232198135253 0.5 1.8491182519895157 0.5 1.4538816474469294 0.5 1.2008096077340218 0.5 1.4505315900813454 0.5 1.3401235227281634 0.5 1.7155992849261992 0.5 1.2404880671454184 0.5 1.5845855290458308 0.5 1.5072572217038136 0.5 1.8814256059713022 0.5 1.2224403699677309 0.5 1.1505053980119122 0.5 1.175226009215823 0.5 1.6113592370059961 0.5 1.8591530734872719 0.5 1.7922134586134026 0.5 1.8425862770839982 0.5 1.6690638567570248 0.5 1.2623458762326698 0.5 1.8100434810649033 0.5 1.1248643907817377 0.5 1.3571417474781808 0.5 1.4695647929961897 0.5 1.918086206287391 0.5 1.613901395839817 0.5 1.2902333375233268 0.5 1.8677359918636123 0.5 1.9368049560851737 0.5 1.5292022693747018 0.5 1.1572908095776242 0.5 1.061862598234586 0.5 1.9337145585302422 0.5 1.0997529020526802 0.5 1.534047641845013 0.5 1.9964885405007318 0.5 1.9513021921653522 0.5 1.2591961143143888 0.5 1.1357472682504464 0.5 1.3749136983606562 0.5 1.497085295459245 0.5 1.7793230942955536 0.5 1.1265654650672963 0.5 1.139728423908135 0.5 1.4048237580082448 0.5 1.0549790404466022 0.5 1.753815559852244 0.5 1.5866530190057502 0.5 1.133757147638717 0.5 1.0104688251737315 0.5 1.6090599059648283 0.5 1.4487374953780239 0.5 1.2428092978124272 0.5 1.5859333536288265 0.5 1.2474444624237173 0.5 1.699740005078196 0.5 1.090619381577173 0.5 1.549632502757607 0.5 1.0807142277959367 0.5 1.663342028260773 0.5 1.030767203515031 0.5 1.44202578215786 0.5 1.3388817598959606 0.5 1.3472122216280988 0.5 1.7638842488492383 0.5 1.151581463118739 0.5 1.1375121604465537 0.5 1.045383106391188 0.5 1.1018972085053966 0.5 1.2164507928031671 0.5 1.0664353767516537 0.5 1.9165747245252245 0.5
854.5926913698446 0.5 1.9396403433019511 0.5 1.336669708971649 0.5 1.1456751722504794 0.5 1.459006566741091 0.5 1.2693609388694949 0.5 1.4369522678930746 0.5 1.5599242594871847 0.5 1.2444035859103366 0.5 1.1412561736167555 0.5 1.5568545372369234 0.5 1.8993307417213745 0.5 1.4247429112743097 0.5 1.9109825980817594 0.5 1.2665411792032084 0.5 1.019495796309446 0.5 1.496256619825465 0.5 1.5292519379553906 0.5 1.6202560310074547 0.5 1.6023183159549927 0.5 1.758765772647223 0.5 1.798073752112006 0.5 1.7086451887795895 0.5 1.8617279318975184 0.5 1.6593573940842794 0.5 1.7088737039126105 0.5 1.327698906184878 0.5 1.063238476872375 0.5 1.7179064305710485 0.5 1.637111280133888 0.5 1.6631260723546601 0.5 1.9822836044190033 0.5 1.3457871605474732 0.5 1.911055355845893 0.5 1.8250237886604617 0.5 1.1316765543529295 0.5 1.2519716569119275 0.5 1.2277632819001374 0.5 1.2520120930256748 0.5 1.5970603706505804 0.5 1.239827553525086 0.5 1.5733261493903534 0.5 1.357886742306468 0.5 1.7663150053922383 0.5 1.5827563928583985 0.5 1.9938890689069766 0.5 1.8106193143249485 0.5 1.3193387993010262 0.5 1.5846866188031248 0.5 1.749921030086516 0.5 1.298293040984765 0.5 1.1204788648113175 0.5 1.9455472191937313 0.5 1.305156697689169 0.5 1.0414254334313775 0.5 1.952018906230385 0.5 1.475999961464931 0.5 1.956910186291962 0.5 1.9136746066668255 0.5 1.99458308100711 0.5 1.3115584132421054 0.5 1.793269698492653 0.5 1.2806827760042985 0.5 1.2681448550903336 0.5 1.8376776015784444 0.5 1.8940693748568678 0.5 1.6448196886154232 0.5 1.9695201017661133 0.5 1.8335915955335644 0.5 1.165365595924626 0.5 1.7166700700396098 0.5 1.850817188010592 0.5 1.6147417929426218 0.5 1.3733757829347701 0.5 1.1624496412042895 0.5 1.1799294128177686 0.5 1.9757833307125918 0.5 1.7361955774001347 0.5 1.1097082640816947 0.5 1.6059905700410968 0.5 1.853930748373539 0.5
856.9661226900851 0.5 1.8924557115091165 0.5 1.0541650738279777 0.5 1.7473161695796362 0.5 1.3867557747041563 0.5 1.6184265563465265 0.5 1.6501182427805026 0.5 1.661758364574761 0.5 1.5575462249823822 0.5 1.834599143886889 0.5 1.9350204533966102 0.5 1.1267166819181291 0.5 1.168483024021656 0.5 1.645559830167117 0.5 1.8280367903516046 0.5 1.9880193227326646 0.5 1.8854017680309987 0.5 1.663833592921112 0.5 1.0044716021433104 0.5 1.73660426317822 0.5 1.3808764011478716 0.5 1.636805346183227 0.5 1.8004902573396286 0.5 1.1101848934570429 0.5 1.232738511144778 0.5 1.2259608282547385 0.5 1.2034150744780776 0.5 1.8404061109894707 0.5 1.5782567653627437 0.5 1.0934234245673529 0.5 1.4437915518453726 0.5 1.7866199717751416 0.5 1.3682309680259106 0.5 1.0206821033118527 0.5 1.9860136950025362 0.5 1.25163079579356 0.5 1.2477417860155322 0.5 1.2046870201780289 0.5 1.0401356477298462 0.5 1.9259119056390772 0.5 1.8016039809346764 0.5 1.21705251483393 0.5 1.3670078998429 0.5 1.227427169219128 0.5 1.7342488828327467 0.5 1.1440101113181305 0.5 1.9981071559004249 0.5 1.555455857612713 0.5 1.2948222852847808 0.5 1.8921079035212656 0.5 1.4317874546480662 0.5 1.9597899117953088 0.5 1.617567918764752 0.5 1.3110461575386891 0.5 1.9289537384279107 0.5 1.82840817884425 0.5 1.4538408647647525 0.5 1.5718439701769769 0.5 1.602827532243193 0.5 1.214998546115634 0.5 1.9820569046761527 0.5 1.9588506132481514 0.5 1.2638731974724733 0.5 1.3580323167088302 0.5 1.5605276665115835 0.5 1.3003393042505536 0.5 1.0125674091996233 0.5 1.3535010858947298 0.5 1.019196242396922 0.5 1.6407291412875575 0.5 1.474043379027963 0.5 1.0288730453761201 0.5 1.9347706858034446 0.5 1.998864305444946 0.5 1.5059256695022434 0.5 1.1451501714496488 0.5 1.145903804588487 0.5 1.6153440394949299 0.5 1.9855643733891144 0.5 1.7286768302976476 0.5 1.0264823235773213 0.5 1.7077394733210505 0.5 1.0555100211167647 0.5 1.9415749363569157 0.5 1.0222394655587488 0.5 1.8734670173390064 0.5 1.1979869924991036 0.5 1.6716118568908889 0.5 1.5349999848433473 0.5 1.248027674531333 0.5 1.2694647408538124 0.5 1.0800740712096246 0.5 1.2690177897821115 0.5 1.247689180567901 0.5 1.3725504229946068 0.5 1.5689196514528532 0.5 1.7571525203078364 0.5
874.5681190289959 0.5 1.9143322311207496 0.5 1.3015834245938462 0.5 1.4032796689785134 0.5 1.9511607284841457 0.5 1.1446860836598707 0.5 1.6147558429372368 0.5 1.8388213337423465 0.5 1.3066348560181011 0.5 1.3281517429135856 0.5 1.944239238522013 0.5 1.2386221443133003 0.5 1.9608336194627927 0.5 1.8747250386836922 0.5 1.9326501607967057 0.5 1.111245353395788 0.5 1.8463638867330423 0.5 1.7186358599999667 0.5 1.693435880845712 0.5 1.8064906690258677 0.5 1.928060981550797 0.5 1.708307255443045 0.5 1.9220840872107932 0.5 1.193767088805032 0.5 1.6666344310961478 0.5 1.3561768028436312 0.5 1.2927048277643678 0.5 1.6341928463406878 0.5 1.0913858059697246 0.5 1.0372102009187856 0.5 1.987676594390693 0.5 1.4579601901266974 0.5 1.6284758896011873 0.5 1.3513848753268576 0.5 1.3207010428706012 0.5 1.516932321446991 0.5 1.9277701369270108 0.5 1.1070870454432518 0.5 1.2508254060191568 0.5 1.7702230901982399 0.5 1.9441031040897276 0.5 1.5543699916796574 0.5 1.181572763434457 0.5 1.082412854152052 0.5 1.4699181507911756 0.5 1.620133079053571 0.5 1.8665075312144266 0.5 1.8759436589535605 0.5 1.8606448160696551 0.5 1.39746391704726 0.5 1.5004465503966526 0.5 1.3061959794095013 0.5 1.3853761409446497 0.5 1.695320383240897 0.5 1.582114537975114 0.5 1.4687987477417659 0.5 1.0675187182346226 0.5 1.6669037368349193 0.5 1.2863660262402044 0.5 1.5741791532741676 0.5 1.6895679067541978 0.5 1.9169632713326523 0.5 1.5420679925375982 0.5 1.7700939014153252 0.5 1.4345781791466583 0.5 1.3082365674667558 0.5 1.532575072983243 0.5 1.8652913213811098 0.5 1.6867051177858166 0.5 1.5398295398574384 0.5 1.013192844179545 0.5 1.0809528488078697 0.5 1.8065386307120903 0.5 1.8542204386468972 0.5 1.1180482571377743 0.5 1.2719206560698582 0.5 1.6817845574243164 0.5 1.4942805472419223 0.5 1.9301329851997482 0.5 1.7785339830353997 0.5 1.3464511358960296 0.5 1.3226631929254031 0.5 1.97454486529214 0.5 1.8926854260835808 0.5 1.2402637553303344 0.5 1.8783490358852406 0.5 1.9253507928663143 0.5 1.7267109717447968 0.5 1.856331528224912 0.5 1.957766014063819 0.5 1.9634418316839204 0.5 1.4883586268953513 0.5 1.2204034940342192 0.5 1.4840395594838747 0.5 1.454134937774764 0.5 1.33998485318819 0.5 1.8818175761280087 0.5 1.7445723554665973 0.5 1.5898849277133718 0.5 1.5804694228245935 0.5 1.9712766985157557 0.5
875.835431353386 0.5 1.389813416405476 0.5 1.6644230450585584 0.5 1.122577418755657 0.5 1.7085796839772542 0.5 1.093059488919176 0.5 1.5150711238681727 0.5 1.4420321778528775 0.5 1.4641834576207153 0.5 1.739210372329728 0.5 1.878480395109003 0.5 1.9465260200134487 0.5 1.9387961469318116 0.5 1.7994814370985357 0.5 1.8587659785457396 0.5 1.825415512350436 0.5 1.0953721407183914 0.5 1.9012189436952855 0.5 1.1809342869376978 0.5 1.45522053235061 0.5 1.2112136901894606 0.5 1.1543608652532815 0.5 1.1366988520642818 0.5 1.0039349200321686 0.5 1.6329964296750727 0.5 1.406047835174499 0.5 1.3104356970886248 0.5 1.1474149521266863 0.5 1.3733983122561562 0.5 1.6113695338220066 0.5 1.861213897840539 0.5 1.9115245137174892 0.5 1.2479190678431944 0.5 1.6484647156413628 0.5 1.4064872419950163 0.5 1.2708418759007574 0.5 1.7949182205532268 0.5 1.9829020501020374 0.5 1.478670215051602 0.5 1.3526930164222837 0.5 1.4427049298424208 0.5 1.3903884459051519 0.5 1.8077104457878301 0.5 1.6935646664805946 0.5 1.918394178518892 0.5 1.880695230206562 0.5 1.1150084692105728 0.5 1.9475668080383914 0.5 1.54846032916948 0.5 1.9566182660829843 0.5 1.1154401551555058 0.5 1.9887879140515705 0.5 1.3836949079935654 0.5 1.9433410993288227 0.5 1.6255883123775854 0.5 1.6643614427474824 0.5 1.421220580735802 0.5 1.157156005936241 0.5 1.140077668703731 0.5 1.9633448884800049 0.5 1.4315874701025293 0.5 1.01909933933677 0.5 1.9284572045908974 0.5 1.402898943344467 0.5 1.2607474057581873 0.5 1.3998945293991594 0.5 1.0773935204961327 0.5 1.3863757932036986 0.5 1.4374103173988169 0.5 1.0805061068312765 0.5 1.4899669087375043 0.5 1.1023971246716688 0.5 1.3748635745959557 0.5 1.1025339182890352 0.5 1.930869412306763 0.5 1.5977672458045034 0.5 1.0917027182594428 0.5 1.5593159557672314 0.5 1.283267221557706 0.5 1.611989178350689 0.5 1.4347189047444422 0.5 1.998179845984935 0.5 1.770857037995722 0.5 1.9226068235521665 0.5 1.2521299443789764 0.5 1.7892848696737422 0.5 1.1987288113112884 0.5 1.1127890634378361 0.5 1.3060333315278245 0.5 1.3604355211791144 0.5 1.8355668522327533 0.5 1.0278481532974526 0.5 1.3247221495957342 0.5 1.7416966946989336 0.5 1.071236896698742 0.5 1.4007754420759804 0.5 1.527428407787271 0.5 1.325557069348306 0.5
899.8207442177452 0.5 1.9382013425147369 0.5 1.7791892333011048 0.5 1.0771026495776574 0.5 1.6228215828430446 0.5 1.109819097557219 0.5 1.7080597442451393 0.5 1.0597818086660153 0.5 1.1423726003191903 0.5 1.6491549944283332 0.5 1.3807818113968824 0.5 1.2540645602703264 0.5 1.0480486581761297 0.5 1.2639750362574944 0.5 1.8878438602538128 0.5 1.4526983502676667 0.5 1.419911992519232 0.5 1.4659540355423375 0.5 1.7431495779123187 0.5 1.993221558974244 0.5 1.8402357605157285 0.5 1.9793368659871216 0.5 1.0404260888430956 0.5 1.3273530407651672 0.5 1.3105617535291914 0.5 1.0437750224839766 0.5 1.3095179654413176 0.5 1.219673051199702 0.5 1.9722586192775655 0.5 1.4424633382193095 0.5 1.5491077905117194 0.5 1.9112762054427974 0.5 1.5048084452802282 0.5 1.5347417451696526 0.5 1.649387220026096 0.5 1.8725580891642841 0.5 1.519236369206662 0.5 1.245536637782767 0.5 1.9813864025009336 0.5 1.9054557398855265 0.5 1.386828098853068 0.5 1.304785899407971 0.5 1.43883934815929 0.5 1.5418939584315736 0.5 1.9043748371436733 0.5 1.0517420932251367 0.5 1.381685862154927 0.5 1.3718648459140375 0.5 1.8741923220688657 0.5 1.4315409750901544 0.5 1.8936052490058775 0.5 1.6330625630915394 0.5 1.1949789399594648 0.5 1.9734614931193126 0.5 1.9610559785671358 0.5 1.950690179988782 0.5 1.9881929858176193 0.5 1.2568635744105479 0.5 1.364397929867034 0.5 1.1879499166921499 0.5 1.69346034599416 0.5 1.495778119814933 0.5 1.708807388336066 0.5 1.475493453150003 0.5 1.5346917939375007 0.5 1.5251335049357495 0.5 1.4372900100779542 0.5 1.7099195925124915 0.5 1.908879862563766 0.5 1.5199793034375007 0.5 1.5442596312536065 0.5 1.571934839609329 0.5 1.7582098741709251 0.5 1.3401603913348463 0.5 1.2092930799488255 0.5 1.4670319869040898 0.5 1.4754188608538839 0.5 1.9879573256320768 0.5 1.0639706079817524 0.5 1.0643550199003502 0.5 1.8256843944040129 0.5 1.427023009219004 0.5 1.1265080168327515 0.5 1.5041701086373576 0.5 1.776235772132495 0.5 1.9332606673788466 0.5 1.998908912517976 0.5 1.8022899271544381 0.5 1.6461972665884375 0.5 1.3904817806433978 0.5 1.308248437573048 0.5 1.6857705899057154 0.5 1.9592712082408947 0.5 1.957452208724844 0.5 1.4999303983084495 0.5 1.2308629061636522 0.5 1.135535822813698 0.5 1.7229222651890854 0.5 1.8820499475249863 0.5 1.0159841054470797 0.5 1.0827623512639484 0.5 1.3192478069905307 0.5 1.918124684360746 0.5 1.1815481575987241 0.5 1.44700345644106 0.5 1.6531228523054091 0.5 1.965728020651014 0.5
901.104085221292 0.5 1.5513129608489475 0.5 1.384679851360495 0.5 1.5359119071723184 0.5 1.5984158294673785 0.5 1.6781761643293684 0.5 1.941537419263978 0.5 1.822959275629323 0.5 1.5869026145453136 0.5 1.8760342078344503 0.5 1.521548797870354 0.5 1.5215704192310624 0.5 1.744507862765357 0.5 1.7324602479734703 0.5 1.0717347099215415 0.5 1.8968599335427307 0.5 1.3625919179579418 0.5 1.3251827979766875 0.5 1.499768320768811 0.5 1.253229921130734 0.5 1.6562788658546101 0.5 1.2522459356677245 0.5 1.8604039839995044 0.5 1.4620714380627675 0.5 1.1219537261757144 0.5 1.0089604723863324 0.5 1.9555569071611325 0.5 1.029530104266572 0.5 1.2413765557231975 0.5 1.5372294695881437 0.5 1.5583343044366496 0.5 1.575525069478657 0.5 1.613205025609795 0.5 1.1436843109591064 0.5 1.829079127800973 0.5 1.8550901818977894 0.5 1.6959269331181892 0.5 1.0836191391015446 0.5 1.1362352244778213 0.5 1.528841842722635 0.5 1.0791907246658639 0.5 1.2565201762531752 0.5 1.5669661791592098 0.5 1.2373214511253279 0.5 1.450413088457032 0.5 1.6344944909859611 0.5 1.6937062472840019 0.5 1.5546681549495944 0.5 1.229237617224197 0.5 1.841801497585958 0.5 1.90417187803709 0.5 1.004526481188561 0.5 1.7967665202357082 0.5 1.0183240668636933 0.5 1.9206968447719075 0.5 1.4889203587393687 0.5 1.3717857269873486 0.5 1.5113488328031592 0.5 1.1870025018402424 0.5 1.8828989069659887 0.5 1.6865034310726519 0.5 1.6157492328210088 0.5 1.3907478482123912 0.5 1.238857108769007 0.5 1.678049536956651 0.5 1.4145948584188421 0.5 1.5344983705362694 0.5 1.8479047646594773 0.5 1.4571645736522765 0.5 1.5547086359171907 0.5 1.3310114747949608 0.5 1.7206539946605393 0.5 1.460560923989653 0.5 1.7775518758402993 0.5 1.100231379346873 0.5 1.513025608919449 0.5 1.051593081891407 0.5 1.3671995556194876 0.5 1.9907644652204133 0.5 1.7983535398434847 0.5 1.7595752555217592 0.5 1.0248850999841839 0.5 1.780293753604882 0.5 1.5072689153626135 0.5 1.0756863530725258 0.5 1.8335823136718217 0.5 1.1600987926088426 0.5 1.4561456131911097 0.5 1.9613797730335913 0.5 1.0705505767816486 0.5 1.5089091307822469 0.5 1.7139766552552884 0.5 1.4389298317510393 0.5 1.0984227054348068 0.5 1.8137975543965914 0.5 1.8646576419175118 0.5 1.2210379008637626 0.5 1.1371320696824263 0.5 1.7171543508696685 0.5 1.9755900989843804 0.5 1.7316554984299182 0.5 1.5719809742200637 0.5 1.8821467645252343 0.5 1.244031969215809 0.5
904.5770229062757 0.5 1.5828762642766776 0.5 1.9162265919477688 0.5 1.7729618359891477 0.5 1.6243425881401523 0.5 1.496659145131853 0.5 1.9531161719932162 0.5 1.8252967995798783 0.5 1.950150278112623 0.5 1.0555468166997892 0.5 1.5366779917831597 0.5 1.5638344562577586 0.5 1.927825059826668 0.5 1.594801058271914 0.5 1.399037067208805 0.5 1.226058716591042 0.5 1.3218276193556697 0.5 1.2736905300801085 0.5 1.5895429898039586 0.5 1.5999855059289394 0.5 1.5000510781027185 0.5 1.8947613476921474 0.5 1.096408930225374 0.5 1.1317045856326 0.5 1.6433429797094528 0.5 1.634900594856568 0.5 1.030320904846419 0.5 1.7410670878895795 0.5 1.1591791719296674 0.5 1.4445166442936193 0.5 1.7297348634433036 0.5 1.933072608052916 0.5 1.8859329887398386 0.5 1.1639969527687406 0.5 1.3279702518004375 0.5 1.7662501449111998 0.5 1.4697001034698371 0.5 1.7117898545888193 0.5 1.6232157912333942 0.5 1.093238561155693 0.5 1.6589463932702757 0.5 1.5235595802635211 0.5 1.8027245634116862 0.5 1.0330455548118933 0.5 1.040658984152457 0.5 1.834839511214852 0.5 1.3171853158088878 0.5 1.6998463472544605 0.5 1.9373019201265254 0.5 1.2270432735880967 0.5 1.2097956469938174 0.5 1.5937441081120405 0.5 1.7457432991774555 0.5 1.483652752441936 0.5 1.5952729372821965 0.5 1.9630451068004713 0.5 1.637775849475747 0.5 1.7633475341684464 0.5 1.435315106634647 0.5 1.2724399824085808 0.5 1.4267127253492458 0.5 1.2473441331820823 0.5 1.0589936190758213 0.5 1.5594153363293901 0.5 1.165758960044598 0.5 1.602554288869598 0.5 1.678813829357926 0.5 1.4148548460282067 0.5 1.5558881602790064 0.5 1.4124807501393246 0.5 1.377773167437082 0.5 1.8496768212115136 0.5 1.8399738761639544 0.5 1.4213170232719705 0.5 1.2056200230655132 0.5 1.5089701792197536 0.5 1.8656634930577165 0.5 1.1841425175593956 0.5 1.2033968648203104 0.5 1.705634522499687 0.5 1.4544489733962735 0.5 1.2652489671955371 0.5 1.8532624529039334 0.5 1.9081649253494708 0.5 1.2472615174851494 0.5 1.0602517765919306 0.5 1.189287924864825 0.5 1.4304762574689893 0.5 1.535816968425637 0.5
941.1267451643389 0.5 1.993445942713052 0.5 1.242790683737069 0.5 1.0977445353847632 0.5 1.3719656784692642 0.5 1.0116232393866014 0.5 1.4678596736161313 0.5 1.061955201382069 0.5 1.8727494745057292 0.5 1.6258564890998646 0.5 1.7050901719442273 0.5 1.3692536307150012 0.5 1.1647429991631975 0.5 1.768380407617025 0.5 1.6553226053347423 0.5 1.3651799475364617 0.5 1.9717946253848564 0.5 1.5750307366954714 0.5 1.8424164183662575 0.5 1.2887011791960903 0.5 1.168250333939362 0.5 1.9379398515869708 0.5 1.2634981465172797 0.5 1.5434299784101875 0.5 1.6132609379057272 0.5 1.4056936666552111 0.5 1.1201127429848816 0.5 1.2398381937193679 0.5 1.1284768722236391 0.5 1.1004231250639696 0.5 1.863889607698463 0.5 1.902017236713577 0.5 1.2175265339995738 0.5 1.6503134872022547 0.5 1.1132016380180652 0.5 1.825126358248146 0.5 1.2442509656980332 0.5 1.8556362674416413 0.5 1.3674950225519784 0.5 1.5953029598224995 0.5 1.3704377964878738 0.5 1.0834993030591147 0.5 1.5971083851745815 0.5 1.3004907793587916 0.5 1.122066786259138 0.5 1.2197978688120559 0.5 1.7942762044327933 0.5 1.418295863684655 0.5 1.1958067778979884 0.5 1.7127020644919964 0.5 1.2975876155833457 0.5 1.8757309946112262 0.5 1.4495113787277618 0.5 1.9191207591305397 0.5 1.932527822737552 0.5 1.1410409250731564 0.5 1.336602112382372 0.5 1.181420935600296 0.5 1.9198912663433425 0.5 1.5647002654227065 0.5 1.4787461479999 0.5 1.9166018477154378 0.5 1.3091181606473161 0.5 1.0600083328770427 0.5 1.5903528991234515 0.5 1.6315014950164644 0.5 1.1986266151253284 0.5 1.751416533809273 0.5 1.8628093026567516 0.5 1.1268024544006892 0.5 1.3436672381523187 0.5 1.6286124220674827 0.5 1.326603763918026 0.5 1.5491534070092854 0.5 1.4778346336524733 0.5 1.0464400236678142 0.5 1.4155082155389058 0.5 1.8339416112982085 0.5 1.3050614891865147 0.5
941.299132275437 0.5 1.6569245305483196 0.5 1.5137143529213775 0.5 1.9759173198600206 0.5 1.7272476043167113 0.5 1.2436454110230626 0.5 1.6454067757832511 0.5 1.4448206330960374 0.5 1.3471564311601338 0.5 1.054898463103872 0.5 1.663404515866393 0.5 1.2970573146660813 0.5 1.684413883502656 0.5 1.43781384143901 0.5 1.4447282408108517 0.5 1.8485451551889223 0.5 1.4863118185481459 0.5 1.1359251855316757 0.5 1.8442397903224337 0.5 1.5502363397226935 0.5 1.1735962332299317 0.5 1.3236715744132512 0.5 1.1253387573945872 0.5 1.7161326049841614 0.5 1.2393944324036408 0.5 1.5693734831655002 0.5 1.3787009678844604 0.5 1.2699287904338554 0.5 1.9153547046415995 0.5 1.3461539656957617 0.5 1.9637312053263498 0.5 1.8709116615625685 0.5 1.2081353955459917 0.5 1.6530259274912034 0.5 1.2122717309250048 0.5 1.2378932617620215 0.5 1.0503926070754361 0.5 1.3611261136008912 0.5 1.3951550747304489 0.5 1.6356060573160187 0.5 1.8451868870099766 0.5 1.0409347095346129 0.5 1.0226322070760574 0.5 1.8950207720396137 0.5 1.76376245220656 0.5 1.51697060156368 0.5 1.0678194407361064 0.5 1.9710857060670501 0.5 1.9713212789712466 0.5 1.5115076662227858 0.5 1.429042752555826 0.5 1.9115436351378718 0.5 1.635532028463908 0.5 1.3387624778010332 0.5 1.5047200446801514 0.5 1.9502735133389997 0.5 1.8432502764559138 0.5 1.0834947002823425 0.5 1.963045203415268 0.5 1.7929666286448618 0.5 1.9629321541874234 0.5 1.0377840145166481 0.5 1.463146479507499 0.5 1.7121395375118489 0.5 1.4027544951487112 0.5 1.9710382641804216 0.5 1.328665702966847 0.5 1.2887703042345215 0.5 1.9891448001695968 0.5 1.9382073930725765 0.5 1.5881384274568144 0.5 1.6088450515299404 0.5 1.2901516478396542 0.5 1.3988582675224577 0.5 1.103677251067861 0.5 1.0343172056598458 0.5 1.1019220911975653 0.5 1.6809903798536632 0.5 1.1116778541977261 0.5 1.2329480145965088 0.5 1.4112794539619422 0.5 1.71139998705737 0.5 1.6231028450672234 0.5 1.0950489526964713 0.5 1.6622848994415507 0.5 1.3106505119436638 0.5 1.3536510468443728 0.5 1.8799075734330257 0.5 1.7557001095071894 0.5
943.6170350472688 0.5 1.1361305738344507 0.5 1.6549712707664463 0.5 1.0057417778182172 0.5 1.9097250682697875 0.5 1.3150410321065227 0.5 1.7458956333957443 0.5 1.7825299036712163 0.5 1.9186500915121183 0.5 1.8675160031908709 0.5 1.212111245048665 0.5 1.9336093379832398 0.5 1.014104955584766 0.5 1.9693108271649975 0.5 1.2649063983750546 0.5 1.82155084836249 0.5 1.8192488573011407 0.5 1.1137349639567657 0.5 1.7515543302187138 0.5 1.421324487971016 0.5 1.7312743606095724 0.5 1.0713779844462001 0.5 1.3875697838546208 0.5 1.643604584958286 0.5 1.3337341215209553 0.5 1.157521921138029 0.5 1.6459165556423478 0.5 1.6892999350827922 0.5 1.2525127357659067 0.5 1.4589057990466223 0.5 1.4351873031865754 0.5 1.4401688286636218 0.5 1.4100578333559262 0.5 1.7329740508101152 0.5 1.3429172703441064 0.5 1.5242571238593379 0.5 1.1579224475924126 0.5 1.5422032272362873 0.5 1.2837254435819778 0.5 1.8744536849462827 0.5 1.965889680728869 0.5 1.2681567133616491 0.5 1.5704247293671911 0.5 1.314662926495627 0.5 1.832489358197162 0.5 1.9679087520873912 0.5 1.8405763035242062 0.5 1.0780223436886296 0.5 1.8654414159295456 0.5 1.7191820291936644 0.5 1.9074003929414418 0.5 1.977001842078276 0.5 1.1160064337316034 0.5 1.560840288094476 0.5 1.2611052974361412 0.5 1.6141029404604774 0.5 1.3111861819159203 0.5 1.4929167382040864 0.5 1.3011523928550257 0.5 1.7003199963164595 0.5 1.2546993517223046 0.5 1.6464513006471528 0.5 1.057892287131069 0.5 1.8501979135239017 0.5 1.758513438265908 0.5 1.7097550904705088 0.5 1.4976365861153509 0.5 1.6908135052956768 0.5 1.6739226785919876 0.5 1.164625681694495 0.5 1.0477995583246797 0.5 1.4010224208334079 0.5 1.8226049910652637 0.5 1.9382036055348943 0.5 1.5546989134620102 0.5 1.651154136289246 0.5 1.423079361213663 0.5 1.7531402355436176 0.5 1.6728332145431253 0.5 1.6809894816105122 0.5 1.614799960093547 0.5 1.0967715645992477 0.5 1.4296633364641584 0.5 1.91067490986988 0.5 1.8235791208902812 0.5 1.7754917489141342 0.5 1.703413944023568 0.5 1.3491159596298732 0.5 1.7021871679277307 0.5 1.707008795188357 0.5 1.8265402994943987 0.5 1.4840414804487883 0.5
943.7899634322854 0.5 1.5113159825094389 0.5 1.6537662356740044 0.5 1.2644701586808518 0.5 1.6375938572062045 0.5 1.3875030121673069 0.5 1.6483675625742853 0.5 1.6018673781073853 0.5 1.1962329496860735 0.5 1.3418547371355118 0.5 1.4451770549783032 0.5 1.9764767011620004 0.5 1.338677001569836 0.5 1.2747749948650329 0.5 1.1199823036860974 0.5 1.529516068487323 0.5 1.2283795760853935 0.5 1.2238999517142197 0.5 1.1230593681008456 0.5 1.020101762104693 0.5 1.666364969043418 0.5 1.8784460066811235 0.5 1.2552242681516572 0.5 1.5990602308350574 0.5 1.83321027213449 0.5 1.895015420311044 0.5 1.32804859252668 0.5 1.5594725048866644 0.5 1.434544355968967 0.5 1.535590446124428 0.5 1.814040978408325 0.5 1.2869389188579112 0.5 1.730847620609467 0.5 1.268376731739696 0.5 1.6041435765668024 0.5 1.2077263617089309 0.5 1.6146772061612726 0.5 1.4972422038468052 0.5 1.2221716241159495 0.5 1.228696568632998 0.5 1.9554009582011345 0.5 1.1125693584483267 0.5 1.9183577302969221 0.5 1.2810447474861195 0.5 1.7245836802851522 0.5 1.0942766122430734 0.5 1.6530986465287774 0.5 1.381871248284503 0.5 1.2678314042921301 0.5 1.3941567972160516 0.5 1.5396577867925059 0.5 1.500466692770369 0.5 1.9605751537797071 0.5 1.1354927845167875 0.5 1.7942756359399095 0.5 1.491300726363764 0.5 1.0546082770138914 0.5 1.8990596923032865 0.5 1.910862849310222 0.5 1.6957569582364598 0.5 1.6332079483562278 0.5 1.1924076986840006 0.5 1.9145614282299404 0.5 1.9521869988771743 0.5 1.6969062175760683 0.5 1.150805711309011 0.5 1.6528873570857496 0.5 1.9417406905219248 0.5 1.4807299354572647 0.5 1.8190898014806747 0.5 1.3103467147128116 0.5 1.7449378057762157 0.5 1.8520681948682238 0.5 1.0342244845265807 0.5 1.3419232946484438 0.5 1.407403579944984 0.5 1.6618648066365196 0.5 1.464451773221227 0.5 1.3936616393634722 0.5 1.4247679828386768 0.5 1.6815662203584298 0.5 1.203132698100953 0.5 1.3472344270752636 0.5 1.0993809188555677 0.5 1.985194457841514 0.5 1.6207014154443673 0.5 1.8863589058784997 0.5 1.2781520799811201 0.5 1.4830226263424913 0.5 1.2988680293813175 0.5 1.467029412481212 0.5 1.3085229057150525 0.5 1.7239933268822467 0.5 1.7965011871822032 0.5 1.434936736097991 0.5 1.201857387091491 0.5 1.681869962848255 0.5 1.0133343333056013 0.5 1.713942968396772 0.5 1.2765553172320974 0.5 1.7783759046346557 0.5 1.3710622926597922 0.5 1.9393612351300384 0.5 1.6750857163826502 0.5 1.0293604937845633 0.5 1.7034784145082935 0.5 1.5105311501498992 0.5 1.0915592303460886 0.5 1.977840168822151 0.5 1.842394993836331 0.5 1.9370190804786669 0.5 1.7861973096873685 0.5
960.167419422027 0.5 1.3897819477925206 0.5 1.6835634761277984 0.5 1.7657221647714079 0.5 1.0245135051681242 0.5 1.839633619985185 0.5 1.7709838554129078 0.5 1.80578768166629 0.5 1.9730061569458623 0.5 1.2885237662369995 0.5 1.9333976147264504 0.5 1.6571573422831887 0.5 1.4258688737794318 0.5 1.9088930368182284 0.5 1.446063141434009 0.5 1.2353865146502252 0.5 1.4587922468298244 0.5 1.5035320901905616 0.5 1.8720432411643553 0.5 1.6968658678599646 0.5 1.3814759351950587 0.5 1.1394167641678963 0.5 1.621258406524758 0.5 1.271403237872383 0.5 1.9617863635637984 0.5 1.4528691161087481 0.5 1.9847984329384205 0.5 1.8696147628044537 0.5 1.7499972740907292 0.5 1.474636773402093 0.5 1.090290169598005 0.5 1.96812886174475 0.5 1.3580416103165247 0.5 1.9804353722071957 0.5 1.5909464955208712 0.5 1.0067183179834596 0.5 1.0734304941316344 0.5 1.4028833388862825 0.5 1.5370136020314575 0.5 1.258967407673743 0.5 1.6850344989733443 0.5 1.0314927564182783 0.5 1.425869885873416 0.5 1.4057412217757892 0.5 1.3935955519431111 0.5 1.627492962284859 0.5 1.7672537943973703 0.5 1.2778312594662342 0.5 1.405629432806606 0.5 1.9535297020103326 0.5 1.3953394279800737 0.5 1.0227774886601222 0.5 1.909804069001398 0.5 1.3001458207823626 0.5 1.0081024588675895 0.5 1.083571702720603 0.5 1.0128473697289737 0.5 1.049089232410417 0.5 1.0132993978228568 0.5 1.4778639814916055 0.5 1.6593507906337959 0.5 1.4102835714717337 0.5 1.1676760858634783 0.5 1.0363912583325774 0.5 1.8115384422784842 0.5 1.7112771652409116 0.5 1.6452670787135901 0.5 1.1598479040756335 0.5 1.2715492937669857 0.5 1.323691741748686 0.5 1.973600889535863 0.5 1.617509531172285 0.5 1.8105795773564477 0.5 1.677425133332135 0.5 1.3559353257051523 0.5 1.9001487453629802 0.5 1.2188761942929136 0.5 1.6019674461637714 0.5 1.7242120706427744 0.5 1.7504847768099077 0.5 1.5061229383560772 0.5 1.3329415158429379 0.5 1.0437641244618037 0.5 1.727669513228883 0.5 1.9094500648744002 0.5 1.3934353514821551 0.5 1.130058910966115 0.5 1.7438917196147086 0.5 1.0062340127745002 0.5 1.4512115645298904 0.5 1.585461888776947 0.5 1.7449787162104706 0.5 1.7077533412336467 0.5 1.2257097596581792 0.5
962.9505458351296 0.5 1.1813948251974802 0.5 1.7804140787503484 0.5 1.8591959623374161 0.5 1.8389157128276006 0.5 1.1503379898620136 0.5 1.2238373053840719 0.5 1.2163684534304475 0.5 1.8857770238807896 0.5 1.9244184901889834 0.5 1.7124136717591198 0.5 1.4253221757363144 0.5 1.5208447544153998 0.5 1.3811576730377124 0.5 1.8698340332107555 0.5 1.4393984589331446 0.5 1.9170631599066426 0.5 1.7632360053790501 0.5 1.8422753281743294 0.5 1.6864958224356967 0.5 1.9280311021205618 0.5 1.7423738991019349 0.5 1.1855422570763625 0.5 1.6919836558465198 0.5 1.2260805372743735 0.5 1.4574520303765381 0.5 1.8991468382421297 0.5 1.1882226075482727 0.5 1.5514157785537104 0.5 1.6663076976143492 0.5 1.754896842860715 0.5 1.8881112039366772 0.5 1.673669447680613 0.5 1.1773732546543805 0.5 1.5472408104626347 0.5 1.8060133415124042 0.5 1.4663141351850648 0.5 1.0562548610408915 0.5 1.2749941865928025 0.5 1.9611010543965592 0.5 1.8002178240385227 0.5 1.735225270887525 0.5 1.5300260287286211 0.5 1.9861331672808653 0.5 1.9064212887592413 0.5 1.364880741996977 0.5 1.864039484096487 0.5 1.1494994733020374 0.5 1.5651578006288642 0.5 1.8867109957323596 0.5 1.757512110892548 0.5 1.6195856459809534 0.5 1.6230118181485917 0.5 1.9484657287045142 0.5 1.4927382141191425 0.5 1.6225494650689214 0.5 1.9833081493804512 0.5 1.5819309590193031 0.5 1.5001089305464888 0.5 1.204502833131689 0.5 1.7424175106391844 0.5 1.931758824321535 0.5 1.2750727882977362 0.5 1.1536957640046617 0.5 1.2935000449205178 0.5 1.970988355015069 0.5 1.4140459761355904 0.5 1.2314152600098152 0.5 1.022063925523379 0.5 1.3979024658382126 0.5 1.8353962868146871 0.5
967.9885728018235 0.5 1.111164906447153 0.5 1.5226284464457183 0.5 1.2025987776540084 0.5 1.6167564066265667 0.5 1.5597957081383464 0.5 1.0267175680246163 0.5 1.4612428423134456 0.5 1.4012872666653724 0.5 1.0916038605273457 0.5 1.1207356329545153 0.5 1.3890797370167856 0.5 1.7140199158368763 0.5 1.685607626722611 0.5 1.7621957060352087 0.5 1.5311238961294191 0.5 1.724703803640383 0.5 1.0180979323216177 0.5 1.8265564879215783 0.5 1.0638233509668464 0.5 1.6724159926214095 0.5 1.614932974382815 0.5 1.0682617322559746 0.5 1.0806543622345424 0.5 1.7241503446736015 0.5 1.9792018074946574 0.5 1.023460391856057 0.5 1.271627188199436 0.5 1.7872481182703885 0.5 1.9189294768521548 0.5 1.319098009213333 0.5 1.6018216489742376 0.5 1.58849253357366 0.5 1.0036074783677649 0.5 1.5751817364512202 0.5 1.4685623211793999 0.5 1.082135045808291 0.5 1.0398293520647224 0.5 1.7595720716653598 0.5 1.9699988482885313 0.5 1.3860225396543933 0.5 1.7354877620618847 0.5 1.2305706051462806 0.5 1.9363951737900797 0.5 1.599905476592032 0.5 1.2880541472405587 0.5 1.652174178676579 0.5 1.2005961975995985 0.5 1.469780639354813 0.5 1.9707871326689768 0.5 1.3753992666203203 0.5 1.9809751383808196 0.5 1.9064162342799025 0.5 1.4320413309835232 0.5 1.8058678268909527 0.5 1.3360167900272426 0.5 1.253192513784208 0.5 1.5683973712687875 0.5 1.2009748914292335 0.5 1.841113170017597 0.5 1.8912417418820127 0.5 1.050143711429394 0.5 1.0173209260040759 0.5 1.0591665699246047 0.5 1.5991168198778987 0.5 1.9970955731770235 0.5 1.3006593047257557 0.5 1.6889606442133036 0.5 1.0952232353528988 0.5 1.0684012992163188 0.5 1.3310570150728342 0.5 1.581965146136472 0.5 1.72321710158343 0.5 1.9918682074003642 0.5 1.843966553870692 0.5 1.7763651326908432 0.5 1.3680219780962415 0.5 1.8528947873229433 0.5 1.3384605287400575 0.5 1.625083104161863 0.5 1.3638198243465807 0.5 1.0056525966453491 0.5 1.38783270282794 0.5 1.4375665404573248 0.5 1.4805399591588158 0.5 1.0704008032699943 0.5 1.9645131533033942 0.5 1.4009358935338778 0.5 1.830048147686088 0.5 1.7607746426508357 0.5 1.3421750158622419 0.5 1.484247357608874 0.5 1.2545093452922185 0.5 1.342962320758648 0.5 1.3966878045435096 0.5 1.2814351170782814 0.5 1.9597511023762442 0.5 1.8422607876717987 0.5 1.1132612896159162 0.5 1.950382206394988 0.5 1.8970848957078053 0.5 1.865567075186625 0.5 1.7438449134759921 0.5 1.0520949258261039 0.5 1.6479572176864086 0.5 1.843856267648039 0.5 1.9552606736313942 0.5 1.663287056520021 0.5 1.9221347648426055 0.5 1.3807726658004742 0.5 1.1321153284534842 0.5
968.5421608218304 0.5 1.57350321895728 0.5 1.5085961620040835 0.5 1.466132102794586 0.5 1.4297245899902657 0.5 1.2921886297320158 0.5 1.1946942068229567 0.5 1.5301412007634563 0.5 1.913849347885876 0.5 1.73212474590049 0.5 1.8358305467754956 0.5 1.2901132660342418 0.5 1.3211233817162733 0.5 1.8390321770375948 0.5 1.2207597288508691 0.5 1.2520519336512983 0.5 1.3733788402035043 0.5 1.1354333602356381 0.5 1.8394644637702053 0.5 1.3718921818465608 0.5 1.9326171755270876 0.5 1.9781171813525655 0.5 1.0621529017746651 0.5 1.371061456785827 0.5 1.4952927792882005 0.5 1.1738223933892722 0.5 1.7833651077077726 0.5 1.390556816325052 0.5 1.950111487934779 0.5 1.3465254724780378 0.5 1.436802406696531 0.5 1.8569240949618457 0.5 1.9602559695660209 0.5 1.9122776140030355 0.5 1.1986488544017624 0.5 1.6830488728458026 0.5 1.326744645038937 0.5 1.878223023075396 0.5 1.2445960364128743 0.5 1.6323369939701102 0.5 1.8903614289617932 0.5 1.1890649053673201 0.5 1.2611600186074199 0.5 1.9808560832977848 0.5 1.5952908478855554 0.5 1.8715934706771202 0.5 1.567473450595448 0.5 1.2833812900672714 0.5 1.8823023462004378 0.5 1.8722970910148766 0.5 1.911150487032864 0.5 1.356964022883632 0.5 1.472610508458276 0.5 1.2139042042296482 0.5 1.9847818254300191 0.5 1.8663559928114029 0.5 1.5342501921480465 0.5 1.4796717851594599 0.5 1.0469460409587938 0.5 1.269669629397646 0.5 1.1801277142785205 0.5 1.2187216712057691 0.5 1.685923471646508 0.5 1.3931864420634468 0.5 1.5532894024298605 0.5 1.4731975553385888 0.5 1.9487337913111578 0.5 1.8981500002951532 0.5 1.7136913367471878 0.5 1.9139660884146599 0.5 1.0845422878306499 0.5 1.2135723531220468 0.5 1.9886999898243933 0.5 1.0985141083570134 0.5 1.8941694543855407 0.5 1.0023080154683102 0.5 1.4990877199761277 0.5 1.820393138638326 0.5 1.399225565158034 0.5 1.3693757331718137 0.5 1.116286466914762 0.5 1.3858320626090186 0.5 1.559875260768557 0.5 1.6909698771228512 0.5 1.9361788163364029 0.5 1.4309647204815215 0.5 1.9726861060284506 0.5 1.835879631302098 0.5 1.4408388611155196 0.5 1.5784012267954908 0.5 1.1531027448600915 0.5 1.962784507917379 0.5 1.7833026190369161 0.5 1.323692779866061 0.5 1.945520874799224 0.5 1.8178091844655553 0.5 1.8454412361111883 0.5 1.671762719492604 0.5 1.973302699275031 0.5 1.678101235416435 0.5
970.5535639870188 0.5 1.928028177024764 0.5 1.3844814467119115 0.5 1.1754360424731243 0.5 1.460066080102457 0.5 1.597283059211831 0.5 1.3527026803677131 0.5 1.117874178631887 0.5 1.6958095034343112 0.5 1.3401057528054001 0.5 1.7709797930820477 0.5 1.6702235039456355 0.5 1.2159351100019085 0.5 1.2281926559596754 0.5 1.4594860994272774 0.5 1.5498920038820627 0.5 1.3167035802493057 0.5 1.0565186924737966 0.5 1.6419870235850038 0.5 1.3147340047715548 0.5 1.310878124824729 0.5 1.11434268095558 0.5 1.5922085973983826 0.5 1.0415105928169588 0.5 1.050011057160292 0.5 1.0764112732677784 0.5 1.8047084913825342 0.5 1.1802481052620348 0.5 1.7848385019714028 0.5 1.5478722975404886 0.5 1.7264901644175787 0.5 1.7784922653364656 0.5 1.79076105086595 0.5 1.8415056540707488 0.5 1.4107357876854063 0.5 1.6864977941281354 0.5 1.964377788713767 0.5 1.4801392916549485 0.5 1.1424974111080364 0.5 1.7019758358023513 0.5 1.3345297892521124 0.5 1.4392693597131996 0.5 1.958999976667621 0.5 1.6147261133094781 0.5 1.360048285833958 0.5 1.2497017380798008 0.5 1.6813792426639842 0.5 1.7965784498131778 0.5 1.106952915101659 0.5 1.0798218602466947 0.5 1.2979223725199684 0.5 1.0331948848591854 0.5 1.2589190306556357 0.5 1.1794879780330132 0.5 1.1108101295464756 0.5 1.9391811379116457 0.5 1.768740421244078 0.5 1.2195017164533861 0.5 1.7756078764983556 0.5 1.1531722228882348 0.5 1.3029122271863987 0.5 1.3532499920729075 0.5 1.581553577613625 0.5 1.1715342973143437 0.5 1.9809481208646509 0.5 1.790184452263419 0.5 1.6755651373574827 0.5 1.5914783397461334 0.5 1.1671822612078904 0.5 1.5607344693468441 0.5 1.6263221445062848 0.5 1.106794905302063 0.5 1.0317924036998862 0.5 1.4425498546717521 0.5 1.8298391385217747 0.5 1.5843987606091 0.5 1.4185648071426957 0.5 1.8581402241880862 0.5 1.8489496741531006 0.5 1.1210399491905254 0.5 1.2210944992503476 0.5 1.6066013124369536 0.5
977.7102102449064 0.5 1.1681080050899004 0.5 1.399340675838118 0.5 1.3856638159011272 0.5 1.2042972309490154 0.5 1.4747664162659584 0.5 1.4841223950190954 0.5 1.6267714291664106 0.5 1.8262306668845336 0.5 1.1138500403846603 0.5 1.3733381033578613 0.5 1.434479774290675 0.5 1.0211845011475593 0.5 1.4885062993964455 0.5 1.1906466886247062 0.5 1.7729028823519064 0.5 1.360489662901164 0.5 1.8387368220552065 0.5 1.9017916537878787 0.5 1.0875974026304136 0.5 1.927659866943484 0.5 1.925540961528987 0.5 1.868533037494147 0.5 1.1944913547435392 0.5 1.1952144523092811 0.5 1.7455594943479353 0.5 1.2477758386253526 0.5 1.6100340657452026 0.5 1.5832686704863965 0.5 1.9200673986737753 0.5 1.6289525800976112 0.5 1.6501388667028252 0.5 1.3550310446113916 0.5 1.5618210983199716 0.5 1.0914415222823615 0.5 1.802519183928141 0.5 1.9491909451044886 0.5 1.8469237097099525 0.5 1.8622398973754442 0.5 1.3534853955258643 0.5 1.6546763686236026 0.5 1.2155774510707764 0.5 1.5981471452224256 0.5 1.658754798014545 0.5 1.1571420772204204 0.5 1.673690031803459 0.5 1.6850799913720262 0.5 1.1630755618303097 0.5 1.5719751917833633 0.5 1.3220479233848965 0.5 1.3458982543193745 0.5 1.0579593636086 0.5 1.4100438031017617 0.5 1.7826183829257791 0.5 1.191659923540222 0.5 1.9359045802482324 0.5 1.4801753372044035 0.5 1.333684391230801 0.5 1.6918035077386473 0.5 1.2784247388552021 0.5 1.5716721819850128 0.5 1.980272232764545 0.5 1.8471938572384334 0.5 1.15758099097916 0.5 1.516530580612168 0.5 1.7553484957602778 0.5 1.8412191876545831 0.5 1.061239858234269 0.5 1.8468474406349418 0.5 1.644533576085848 0.5 1.6899585695471044 0.5 1.8779427617470839 0.5 1.232587390213891 0.5 1.8650040708411186 0.5 1.7993075192346617 0.5 1.9354317002702373 0.5 1.2701358482066747 0.5 1.186363389481902 0.5 1.8201800532933299 0.5 1.3662290354017412 0.5 1.1788136887236302 0.5 1.7756989918619523 0.5 1.4152469874084121 0.5 1.1933562484204474 0.5 1.4696019303508103 0.5 1.1195676166337645 0.5 1.8639319199606028 0.5 1.5254875634007807 0.5 1.3187295446236877 0.5 1.282773209448862 0.5 1.3892220864270692 0.5 1.5986683107675321 0.5 1.8963058917867228 0.5 1.1182471227773596 0.5 1.3687164796484936 0.5 1.7444224348031214 0.5 1.3789273001619842 0.5 1.6269040915092425 0.5 1.7251365103639258 0.5
983.7901881477319 0.5 1.6935042410592043 0.5 1.1689406832053608 0.5 1.6773992578296064 0.5 1.9130780879170506 0.5 1.1783639207331826 0.5 1.941029862673071 0.5 1.6571909837502568 0.5 1.370108920599853 0.5 1.6733307520065879 0.5 1.8508435633438256 0.5 1.5550409363085136 0.5 1.3508098658921943 0.5 1.5250437404940218 0.5 1.5775758547566907 0.5 1.1236608907224759 0.5 1.2113833011731772 0.5 1.6951317506444128 0.5 1.8471479658337622 0.5 1.2859785350754027 0.5 1.4736629935800913 0.5 1.2872689177919263 0.5 1.6840146011131072 0.5 1.4131250963434576 0.5 1.8071421249060207 0.5 1.4477534813528559 0.5 1.553668857395246 0.5 1.8443592789639962 0.5 1.97468829187277 0.5 1.8288901306374585 0.5 1.6796160789352665 0.5 1.2665309841387238 0.5 1.9264795421165972 0.5 1.7874671060403458 0.5 1.8710967865831853 0.5 1.4341821442246783 0.5 1.6112243818211 0.5 1.5267004313939858 0.5 1.7123485314330587 0.5 1.1110153585758271 0.5 1.642858545005345 0.5 1.4446423392059273 0.5 1.9271137300959689 0.5 1.4847658306607632 0.5 1.7175787421700046 0.5 1.0703134548485758 0.5 1.9744488940921225 0.5 1.2835295807309088 0.5 1.0256689954220952 0.5 1.8121328192682844 0.5 1.987775723800877 0.5 1.4677203886664678 0.5 1.19183014033293 0.5 1.1544501807320267 0.5 1.9491928164323724 0.5 1.1375780811819134 0.5 1.6115037691372125 0.5 1.2688746065630931 0.5 1.74244589051024 0.5 1.4512212187621543 0.5 1.4844999381167474 0.5 1.7104928069259193 0.5 1.5087574636578265 0.5 1.5968946421587316 0.5 1.6081572483195248 0.5 1.8896379503964402 0.5 1.0490946620037174 0.5 1.5092700304201134 0.5 1.9857353925789283 0.5 1.7149856737882385 0.5 1.2098358249306602 0.5 1.6353987075749221 0.5 1.2602298842130575 0.5 1.3900657313574847 0.5 1.2342072359738108 0.5 1.4468745991107501 0.5 1.0099283267937311 0.5 1.3049036518542958 0.5 1.0607267474270676 0.5 1.8422863313112443 0.5 1.0708482975166151 0.5 1.7205862293078675 0.5 1.010282599527708 0.5 1.9782622013944686 0.5 1.3993938460796667 0.5 1.5139722236907756 0.5 1.672768562449571 0.5 1.3770522195174935 0.5 1.2419571845570494 0.5 1.480327701379558 0.5 1.1343183686836453 0.5 1.0499055678198381 0.5 1.3165287498930718 0.5 1.894190659030965 0.5 1.2748938127748433 0.5 1.4759290078116587 0.5 1.6545017277267569 0.5 1.960269818736276 0.5
985.796579704812 0.5 1.704260389345258 0.5 1.1126228821926887 0.5 1.5448181767941465 0.5 1.2770595797651392 0.5 1.0135885927738635 0.5 1.7546195793941783 0.5 1.668116164510032 0.5 1.2084086819954893 0.5 1.931420506023277 0.5 1.912213016050285 0.5 1.8013294009813774 0.5 1.982585955013617 0.5 1.8820821568891863 0.5 1.7119502089305803 0.5 1.3838436505300002 0.5 1.125741307820026 0.5 1.4605127873768793 0.5 1.6466601266985288 0.5 1.0909842772389968 0.5 1.6071937407996038 0.5 1.7229537048524057 0.5 1.3028337821477094 0.5 1.1291487061583552 0.5 1.6604321605897598 0.5 1.0631481582421407 0.5 1.3122681091210098 0.5 1.4458242077800731 0.5 1.0732370323237497 0.5 1.2080084772916577 0.5 1.9931886904466225 0.5 1.56515393218874 0.5 1.807585841874936 0.5 1.39590632145446 0.5 1.8511605606815222 0.5 1.3871912439943888 0.5 1.9797110858379947 0.5 1.8660643524036638 0.5 1.8897309169139114 0.5 1.7521469308842264 0.5 1.0425621143949115 0.5 1.705372539763292 0.5 1.2544529162171014 0.5 1.629219890616811 0.5 1.0511015521214735 0.5 1.7712178363255733 0.5 1.7764350860568654 0.5 1.9936379772314927 0.5 1.7326076683532219 0.5 1.473816514744558 0.5 1.736971129080202 0.5 1.5596035356193383 0.5 1.0072278199896139 0.5 1.641578282269459 0.5 1.4616058274913903 0.5 1.1543129570892328 0.5 1.7346688827299617 0.5 1.3846899572128601 0.5 1.4925874989083785 0.5 1.3825861348176038 0.5 1.3180117287852922 0.5 1.5099394209514365 0.5 1.9764678350344602 0.5 1.0116386207558463 0.5 1.8247101376553005 0.5 1.6334926501637987 0.5 1.7688697630487356 0.5 1.8052991363665294 0.5 1.1603065629584084 0.5 1.7972190490515678 0.5 1.2170880603841088 0.5 1.4687428016966486 0.5 1.3305742815139336 0.5 1.5972284073714813 0.5 1.9791862377516327 0.5 1.227933885033799 0.5 1.5170430821263614 0.5 1.7379075231672076 0.5 1.5516624913111992 0.5 1.7292375245874085 0.5 1.4673464544040606 0.5 1.3943927370373674 0.5 1.4236139289861809 0.5 1.4247109394521678 0.5 1.6450528227173424 0.5 1.8670165235748661 0.5 1.472263378958954 0.5 1.4977489445127061 0.5 1.6386658041797004 0.5 1.2028343186440624 0.5 1.3331438234338477 0.5 1.2387882342946919 0.5 1.8494771996178159 0.5 1.8284065728311758 0.5 1.984597763308078 0.5 1.4577483369282926 0.5 1.0146396574534515 0.5 1.451943384748676 0.5 1.9213403694602689 0.5 1.6463420746084658 0.5 1.1818386098039346 0.5
986.9134762182919 0.5 1.2262020980975066 0.5 1.1536632242239442 0.5 1.5818099133628003 0.5 1.8623524041656374 0.5 1.7988780123346952 0.5 1.0580050018920026 0.5 1.0919529059911655 0.5 1.5107336182816367 0.5 1.8135582708772653 0.5 1.6498347517647 0.5 1.5602142371709955 0.5 1.2594319688604692 0.5 1.6891848925785447 0.5 1.5990548278083316 0.5 1.1492037106487238 0.5 1.5059900360276552 0.5 1.5389739382347851 0.5 1.3010508872881195 0.5 1.9293074178903353 0.5 1.3564328150697031 0.5 1.9704853847066466 0.5 1.2991309070029486 0.5 1.7350196368908495 0.5 1.6740303853998397 0.5 1.3658280024064333 0.5 1.1737196314147669 0.5 1.3932669657797683 0.5 1.7728562464367035 0.5 1.5637414227529212 0.5 1.7679081027693822 0.5 1.277145449589133 0.5 1.963618794168792 0.5 1.4613375478676507 0.5 1.9221365754378592 0.5 1.3027893411041007 0.5 1.182772633308793 0.5 1.3678997427087107 0.5 1.756321439583068 0.5 1.0313677037655238 0.5 1.8235703841532298 0.5 1.689676604940848 0.5 1.7325789255285546 0.5 1.625569960730541 0.5 1.0039702884243598 0.5 1.6059505049902048 0.5 1.1622430616250283 0.5 1.8037288630207562 0.5 1.9501829291944413 0.5 1.0696024110481734 0.5 1.9450127495149225 0.5 1.7872248013143233 0.5 1.6855663849573288 0.5 1.2249787956688023 0.5 1.0656219075502462 0.5 1.9040520749810994 0.5 1.7061947897087872 0.5 1.2982303041947203 0.5 1.0254176861064468 0.5 1.6111066413864314 0.5 1.1042800845738796 0.5 1.4105247230937552 0.5 1.547429464543376 0.5 1.5492719954843537 0.5 1.4778804340216753 0.5 1.0793797161055216 0.5 1.4310232371742782 0.5 1.9170326452938562 0.5 1.9396155758816898 0.5 1.9684308781526783 0.5 1.614212591498962 0.5 1.0025796112713432 0.5 1.0634461219913574 0.5 1.9455394764132454 0.5 1.8642153682628992 0.5 1.4707722459945973 0.5 1.6919920340180274 0.5 1.3860540561439059 0.5 1.1625256564614466 0.5 1.9381621013378196 0.5 1.2554347048649745 0.5 1.096304452861297 0.5 1.923460529524382 0.5 1.7335245961052097 0.5 1.1800522105408544 0.5 1.0298754164460644 0.5 1.6363119952268232 0.5 1.4267331476191198 0.5 1.1279372888268018 0.5 1.3711225094721593 0.5 1.730274611278058 0.5 1.4628783196888446 0.5 1.5350490153506204 0.5 1.7018976161611938 0.5 1.3087769148705717 0.5 1.8043490800930395 0.5 1.9618916449830266 0.5 1.2665761624264547 0.5 1.5566090568966233 0.5 1.1974381483219139 0.5 1.9493035561431094 0.5 1.985729742948712 0.5 1.7799899129572925 0.5 1.4199077972378458 0.5 1.1026909891962697 0.5 1.8391215413626454 0.5 1.0194666713248743 0.5 1.626577108890664 0.5 1.916933367818598 0.5 1.160929970661741 0.5
994.921682257674 0.5 1.9042036878825985 0.5 1.6400238920022128 0.5 1.8961353496860303 0.5 1.0493354562915793 0.5 1.4919113986180994 0.5 1.450449784439543 0.5 1.5618645344486 0.5 1.0977713627170318 0.5 1.5002194599516812 0.5 1.496247138129252 0.5 1.5448774879925016 0.5 1.4049603979981127 0.5 1.2889233779658777 0.5 1.6060569191118095 0.5 1.9226177281960082 0.5 1.8688800194038442 0.5 1.321736957575722 0.5 1.3763856328087125 0.5 1.7051404444567348 0.5 1.1736954208675847 0.5 1.9585887505357094 0.5 1.8674405506326999 0.5 1.858410060653703 0.5 1.8173528752440125 0.5 1.3385453610927849 0.5 1.8144365906060749 0.5 1.6122879246401942 0.5 1.9395737156278825 0.5 1.4491086954366275 0.5 1.056757973288295 0.5 1.3299720445479184 0.5 1.8370391350354147 0.5 1.3842408959038652 0.5 1.914728154095836 0.5 1.015807931288731 0.5 1.6588052092485555 0.5 1.6990859216179475 0.5 1.7462941509173902 0.5 1.4251776156485456 0.5 1.5852138619432758 0.5 1.0606966340526933 0.5 1.5761519250143428 0.5 1.8018099387770459 0.5 1.6176491238980768 0.5 1.3183282765927726 0.5 1.4530288492886365 0.5 1.4632055012583436 0.5 1.0691145117708363 0.5 1.1161074518783414 0.5 1.3594654466332121 0.5 1.132327548969336 0.5 1.7841988072327961 0.5 1.6762339844878746 0.5 1.7413957169587837 0.5 1.7940114806675744 0.5 1.011111956511449 0.5 1.3492588672001071 0.5 1.7233313622107385 0.5 1.5531967254328825 0.5 1.1925986207410468 0.5 1.8722543654464705 0.5 1.7106445081555868 0.5 1.25054620824665 0.5 1.2505921472242387 0.5 1.8968027439086477 0.5 1.6488674581631977 0.5 1.6376481978619584 0.5 1.2702480621635015 0.5 1.232506395271563 0.5 1.9240827753475065 0.5 1.952197824060068 0.5 1.181939360565704 0.5 1.651152988586254 0.5 1.4878634682468987 0.5 1.2896268011839003 0.5 1.2812299968490306 0.5 1.439574030610641 0.5 1.8258890353529451 0.5 1.884227790688159 0.5 1.3659372425526075 0.5 1.6233798743979229 0.5 1.991802104101736 0.5 1.7645609545373082 0.5 1.2427940977280207 0.5 1.0080225652083552 0.5 1.4651316290210037 0.5 1.7126252289140171 0.5 1.5138482203646388 0.5 1.7007888304937429 0.5 1.1258207896985573 0.5 1.9695459790554013 0.5 1.3887004330414225 0.5 1.1396221399881488 0.5 1.8504853023887278 0.5 1.0023168077328315 0.5 1.2556407007216182 0.5 1.3510291569301458 0.5 1.5220145812589259 0.5 1.3921823650307084 0.5 1.4722753146768044 0.5 1.8803800683645775 0.5 1.3489348276202522 0.5 1.8578862467578987 0.5 1.5674489753399496 0.5 1.6208635650228276 0.5 1.2820709919722737 0.5 1.879691628976461 0.5 1.6520378539029181 0.5 1.2245078800807878 0.5 1.0110790577994782 0.5 1.3606990110429098 0.5
995.9259429482707 0.5 1.3482830949007147 0.5 1.7237994234239715 0.5 1.0027942064466264 0.5 1.7428013015299362 0.5 1.3265362442820656 0.5 1.824001621127901 0.5 1.9345566497690427 0.5 1.51164674544439 0.5 1.7360164725846225 0.5 1.9272021824213228 0.5 1.7928802603522018 0.5 1.3072162418689688 0.5 1.9685298550236916 0.5 1.029556985145692 0.5 1.9709053786592248 0.5 1.1172337421645533 0.5 1.8292762855764007 0.5 1.6274692850234107 0.5 1.9196483488002674 0.5 1.804883027534895 0.5 1.0857296719656464 0.5 1.9677391479117705 0.5 1.8253753672565953 0.5 1.73704537711891 0.5 1.842981303410729 0.5 1.4522351392265989 0.5 1.5743555698842366 0.5 1.6854283729696924 0.5 1.4835316052374852 0.5 1.0295899288217 0.5 1.6957768372211914 0.5 1.9537649254928908 0.5 1.805003725836032 0.5 1.9150560930247003 0.5 1.2107017758190797 0.5 1.0319473234918992 0.5 1.4329114831972176 0.5 1.2149235148076887 0.5 1.2599447464962164 0.5 1.179523073480727 0.5 1.6132182941623148 0.5 1.8280546805821294 0.5 1.3052640911949847 0.5 1.8662651160763946 0.5 1.980368728047421 0.5 1.3512023848950694 0.5 1.7734087825538656 0.5 1.8866605385688553 0.5 1.992085343124227 0.5 1.7684362912760352 0.5 1.2665347670412457 0.5 1.1371320675718586 0.5 1.2984345216705018 0.5 1.970808320080592 0.5 1.953864334052256 0.5 1.8925234319641229 0.5 1.7692476937912107 0.5 1.010353828143641 0.5 1.4661163766987326 0.5 1.5960404310995662 0.5 1.3242898082892347 0.5 1.1911322514939224 0.5 1.8037988084016334 0.5 1.1289827950317548 0.5 1.5772644849236888 0.5 1.5892683775828746 0.5 1.1561803595119642 0.5 1.856788184627969 0.5 1.4316726196336895 0.5 1.7918262848745934 0.5 1.5884490785135519 0.5 1.6264328261302947 0.5 1.7965802779252862 0.5 1.9105348822474562 0.5 1.7648198626039262 0.5 1.7931977364662712 0.5 1.041918538715483 0.5 1.1718895142433898 0.5 1.4011420945275415 0.5 1.525369368395455 0.5 1.0379859388716364 0.5 1.822956588200971 0.5 1.252549612406162 0.5 1.861086904562793 0.5 1.5620375391164378 0.5 1.435180463499765 0.5 1.43459321801924 0.5 1.0410993346425679 0.5 1.2250699408058088 0.5 1.0669596067834228 0.5
1002.8646338179341 0.5 1.0682926321258508 0.5 1.9412182333249546 0.5 1.1842529329955225 0.5 1.0982954514741043 0.5 1.3322454745018675 0.5 1.437312268031405 0.5 1.1037636967765776 0.5 1.9594299038097474 0.5 1.160564524431467 0.5 1.7892892371214795 0.5 1.6880038542693234 0.5 1.4436754288457094 0.5 1.148730655139378 0.5 1.3202558475439918 0.5 1.5659389885588946 0.5 1.9961500353535113 0.5 1.725679781124755 0.5 1.1834184528277103 0.5 1.9251582378943977 0.5 1.5555589661804508 0.5 1.5099548822086404 0.5 1.6292023634198007 0.5 1.5823756604749522 0.5 1.2071674878419194 0.5 1.9783402703757371 0.5 1.0073782623813283 0.5 1.839419054087902 0.5 1.2228367940697824 0.5 1.6315070309453237 0.5 1.61538838638536 0.5 1.8938850560979286 0.5 1.737467531170042 0.5 1.7026915808003762 0.5 1.9662126677386995 0.5 1.2031579497763505 0.5 1.0615776708174762 0.5 1.5781554024009203 0.5 1.5556398984201225 0.5 1.9482395869758502 0.5 1.4017511323313747 0.5 1.0638513644006742 0.5 1.2231172013305331 0.5 1.549835783814944 0.5 1.7148327548269389 0.5 1.698389676767927 0.5 1.2554082079545275 0.5 1.1285955756139452 0.5 1.0171942663586169 0.5 1.6350247024394506 0.5 1.5126667234024667 0.5 1.1032773460583385 0.5 1.3607737612168425 0.5 1.578307442624054 0.5 1.0187060049653596 0.5 1.0932852671796758 0.5 1.9060196673333534 0.5 1.5752820365085693 0.5 1.6639474070535893 0.5 1.0459388102978868 0.5 1.7051775986200304 0.5 1.847227684590685 0.5 1.255193350621577 0.5 1.2385205749742139 0.5 1.6039391236905145 0.5 1.9338291200688196 0.5 1.740685331261385 0.5 1.7566779551458076 0.5 1.7943025659752316 0.5 1.4395103680448444 0.5 1.1788784007791535 0.5 1.1213085117158816 0.5 1.2446163790206812 0.5 1.3059003920306684 0.5 1.0361447893374685 0.5 1.3379981018862774 0.5 1.1036886192710873 0.5 1.3285752822780126 0.5 1.6425463943568714 0.5 1.4722101648190877 0.5 1.7785354699565528 0.5 1.1994811491368251 0.5 1.9736198132746638 0.5 1.464040857508237 0.5 1.5864314796202819 0.5 1.9663877788269524 0.5 1.830142971775644 0.5 1.8419223737391248 0.5 1.2009808805696065 0.5 1.1635009682629676 0.5 1.6624942145416504 0.5
1024.6427950898185 0.5 1.4504136374649004 0.5 1.9134636222052288 0.5 1.670686637978442 0.5 1.0238629966847126 0.5 1.8173852705610893 0.5 1.408317695615017 0.5 1.6471748913716737 0.5 1.159208381124408 0.5 1.0127670000835036 0.5 1.736254061677162 0.5 1.451321986472017 0.5 1.7346605351631932 0.5 1.3626038363623079 0.5 1.711120480067946 0.5 1.1341468211134362 0.5 1.6360703849440612 0.5 1.6450032478299206 0.5 1.4145907580627521 0.5 1.1542153696889845 0.5 1.7411138496133671 0.5 1.7236200055630069 0.5 1.4330799273274653 0.5 1.5977885480233978 0.5 1.2640648901771945 0.5 1.8981830648255662 0.5 1.5109859247469106 0.5 1.404981618576398 0.5 1.142386359877436 0.5 1.8703384486856127 0.5 1.7421396766748547 0.5 1.588635736408195 0.5 1.307514357187478 0.5 1.3431558445929377 0.5 1.0349459221103536 0.5 1.3618789608562945 0.5 1.2753367978776757 0.5 1.8134678129258663 0.5 1.8078712567653605 0.5 1.6136229428500009 0.5 1.3780838799037771 0.5 1.3267301797140294 0.5 1.6735165070131663 0.5 1.3105475998189071 0.5 1.9903584068167803 0.5 1.2694129442248352 0.5 1.170730317027544 0.5 1.0168503823592747 0.5 1.3067627677679103 0.5 1.3654099134195117 0.5 1.8722664523580685 0.5 1.7880409836065374 0.5 1.2738578147490105 0.5 1.0743705155305614 0.5 1.2851793568549579 0.5 1.9400789583988374 0.5 1.9746543065020314 0.5 1.5249587708078813 0.5 1.3161649738083088 0.5 1.0375999689588409 0.5 1.1861936835638782 0.5 1.8006115428766656 0.5 1.4535223627583729 0.5 1.5309827957432982 0.5 1.7348758245387692 0.5 1.1081458134769382 0.5 1.6357734317698769 0.5 1.9711220375104412 0.5 1.7287878003454242 0.5 1.3288322201844533 0.5 1.5266909035061902 0.5 1.2319290555649383 0.5 1.9764655874600645 0.5 1.70439682136868 0.5 1.3193525281223129 0.5 1.857962122212908 0.5 1.4044599489466623 0.5 1.5993914965995302 0.5 1.5304863637480581 0.5 1.1245810535897367 0.5 1.6190478026219774 0.5 1.3271586422799462 0.5 1.2732332499022487 0.5 1.501662357054987 0.5 1.3073021851949498 0.5 1.2699626136385178 0.5 1.0105198571776182 0.5 1.3980120463830146 0.5 1.6975285236652091 0.5 1.4869183181863899 0.5 1.7885955387099612 0.5 1.7286231443252857 0.5 1.1741982541629408 0.5 1.9475487035225973 0.5 1.4129352713625252 0.5 1.3812911228518971 0.5 1.1567139619081406 0.5 1.3965275088974658 0.5
